2017 11 12 16 34 41 0 0 null
2017 11 12 16 34 41 0 0 null
2017 11 12 16 34 42 0 0 null
2017 11 12 16 34 42 -0.0727288 0.0657648 null
2017 11 12 16 34 42 -0.0727288 0.0657648 null
2017 11 12 16 34 42 -0.0727288 0.0657648 null
2017 11 12 16 34 42 -0.0730672 0.0649819 null
2017 11 12 16 34 42 -0.0730672 0.0649819 null
2017 11 12 16 34 42 -0.0733089 0.0683982 null
2017 11 12 16 34 42 -0.0733089 0.0683982 null
2017 11 12 16 34 42 -0.0733089 0.0683982 null
2017 11 12 16 34 42 -0.0733089 0.0683982 null
2017 11 12 16 34 43 -0.0733089 0.0683982 null
2017 11 12 16 34 43 -0.0743778 0.0623166 null
2017 11 12 16 34 43 -0.0743778 0.0623166 null
2017 11 12 16 34 43 -0.0743778 0.0623166 null
2017 11 12 16 34 43 -0.0695205 0.065843 null
2017 11 12 16 34 43 -0.0726773 0.060991 null
2017 11 12 16 34 43 -0.0726773 0.060991 null
2017 11 12 16 34 43 -0.0726773 0.060991 null
2017 11 12 16 34 43 -0.0726773 0.060991 null
2017 11 12 16 34 43 -0.0726773 0.060991 null
2017 11 12 16 34 44 -0.0659842 0.0605178 null
2017 11 12 16 34 44 -0.0659842 0.0605178 null
2017 11 12 16 34 44 -0.0659842 0.0605178 null
2017 11 12 16 34 44 -0.0659842 0.0605178 null
2017 11 12 16 34 44 -0.0659842 0.0605178 null
2017 11 12 16 34 44 -0.0659842 0.0605178 null
2017 11 12 16 34 44 -0.0659842 0.0605178 null
2017 11 12 16 34 44 -0.0655581 0.0636077 null
2017 11 12 16 34 44 -0.0655581 0.0636077 null
2017 11 12 16 34 44 -0.0659323 0.0646126 null
2017 11 12 16 34 45 -0.0664615 0.0640181 null
2017 11 12 16 34 45 -0.0664615 0.0640181 null
2017 11 12 16 34 45 -0.0664615 0.0640181 null
2017 11 12 16 34 45 -0.0718013 0.0634818 null
2017 11 12 16 34 45 -0.0718013 0.0634818 null
2017 11 12 16 34 45 -0.0718013 0.0634818 null
2017 11 12 16 34 45 -0.0704987 0.0611521 null
2017 11 12 16 34 45 -0.0754041 0.0572482 null
2017 11 12 16 34 45 -0.0754041 0.0572482 null
2017 11 12 16 34 45 -0.0816838 0.0467556 null
2017 11 12 16 34 46 -0.0816838 0.0467556 null
2017 11 12 16 34 46 -0.0925046 0.019741 null
2017 11 12 16 34 46 -0.104473 -0.0238549 null
2017 11 12 16 34 46 -0.134882 -0.0589028 null
2017 11 12 16 34 46 -0.134882 -0.0589028 null
2017 11 12 16 34 46 -0.159552 -0.0624981 null
2017 11 12 16 34 46 -0.153533 -0.0254408 null
2017 11 12 16 34 46 -0.153533 -0.0254408 null
2017 11 12 16 34 46 -0.133342 0.00765798 null
2017 11 12 16 34 46 -0.105133 0.0476009 null
2017 11 12 16 34 47 -0.105133 0.0476009 null
2017 11 12 16 34 47 -0.0856268 0.0942177 null
2017 11 12 16 34 47 -0.0990855 0.12262 null
2017 11 12 16 34 47 -0.0990855 0.12262 null
2017 11 12 16 34 47 -0.116391 0.146281 null
2017 11 12 16 34 47 -0.141221 0.152999 null
2017 11 12 16 34 47 -0.141221 0.152999 null
2017 11 12 16 34 47 -0.155852 0.17248 null
2017 11 12 16 34 47 -0.145018 0.160563 null
2017 11 12 16 34 47 -0.105778 0.161656 null
2017 11 12 16 34 48 -0.105778 0.161656 null
2017 11 12 16 34 48 -0.089331 0.138464 null
2017 11 12 16 34 48 -0.0819233 0.12885 null
2017 11 12 16 34 48 -0.0819233 0.12885 null
2017 11 12 16 34 48 -0.103108 0.118252 null
2017 11 12 16 34 48 -0.102691 0.111242 null
2017 11 12 16 34 48 -0.102691 0.111242 null
2017 11 12 16 34 48 -0.102691 0.111242 null
2017 11 12 16 34 48 -0.0760243 0.11405 null
2017 11 12 16 34 48 -0.0760243 0.11405 null
2017 11 12 16 34 49 -0.0569611 0.117031 null
2017 11 12 16 34 49 -0.0569611 0.117031 null
2017 11 12 16 34 49 -0.0554046 0.119894 null
2017 11 12 16 34 49 -0.0554046 0.119894 null
2017 11 12 16 34 49 -0.0640995 0.112231 null
2017 11 12 16 34 49 -0.0640995 0.112231 null
2017 11 12 16 34 49 -0.0638824 0.10213 null
2017 11 12 16 34 49 -0.0584641 0.100166 null
2017 11 12 16 34 49 -0.0584641 0.100166 null
2017 11 12 16 34 49 -0.0564164 0.088672 null
2017 11 12 16 34 50 -0.0444696 0.0669714 null
2017 11 12 16 34 50 -0.0157453 0.0668945 null
2017 11 12 16 34 50 -0.0157453 0.0668945 null
2017 11 12 16 34 50 0.00371432 0.0425508 null
2017 11 12 16 34 50 0.00371432 0.0425508 null
2017 11 12 16 34 50 0.0353376 0.0324107 null
2017 11 12 16 34 50 0.0774152 0.0156376 null
2017 11 12 16 34 50 0.101136 0.00155163 null
2017 11 12 16 34 50 0.101136 0.00155163 null
2017 11 12 16 34 50 0.0991199 -0.00889612 null
2017 11 12 16 34 51 0.109786 -0.00504507 null
2017 11 12 16 34 51 0.109786 -0.00504507 null
2017 11 12 16 34 51 0.109786 -0.00504507 null
2017 11 12 16 34 51 0.117475 0.0160156 null
2017 11 12 16 34 51 0.117475 0.0160156 null
2017 11 12 16 34 51 0.102915 0.0153424 null
2017 11 12 16 34 51 0.0944846 0.00678943 null
2017 11 12 16 34 51 0.0944846 0.00678943 null
2017 11 12 16 34 51 0.0920833 -0.0117404 null
2017 11 12 16 34 51 0.091784 -0.0165662 null
2017 11 12 16 34 52 0.0927664 -0.0196 null
2017 11 12 16 34 52 0.0927664 -0.0196 null
2017 11 12 16 34 52 0.0926027 -0.0199389 null
2017 11 12 16 34 52 0.0926027 -0.0199389 null
2017 11 12 16 34 52 0.0962046 -0.0170149 null
2017 11 12 16 34 52 0.0975212 -0.0186217 null
2017 11 12 16 34 52 0.0975212 -0.0186217 null
2017 11 12 16 34 52 0.104338 -0.0171838 null
2017 11 12 16 34 52 0.105921 -0.0177074 null
2017 11 12 16 34 52 0.0985311 -0.0122375 null
2017 11 12 16 34 53 0.0985311 -0.0122375 null
2017 11 12 16 34 53 0.0933285 -0.0110283 null
2017 11 12 16 34 53 0.0933285 -0.0110283 null
2017 11 12 16 34 53 0.0933285 -0.0110283 null
2017 11 12 16 34 53 0.0956916 -0.00416399 null
2017 11 12 16 34 53 0.0956916 -0.00416399 null
2017 11 12 16 34 53 0.0956916 -0.00416399 null
2017 11 12 16 34 53 0.0956916 -0.00416399 null
2017 11 12 16 34 53 0.0956916 -0.00416399 null
2017 11 12 16 34 53 0.107302 0.00960215 null
2017 11 12 16 34 54 0.107302 0.00960215 null
2017 11 12 16 34 54 0.109603 0.00816815 null
2017 11 12 16 34 54 0.113366 0.011574 null
2017 11 12 16 34 54 0.113366 0.011574 null
2017 11 12 16 34 54 0.116632 0.00690882 null
2017 11 12 16 34 54 0.117902 0.0121275 null
2017 11 12 16 34 54 0.117902 0.0121275 null
2017 11 12 16 34 54 0.113274 0.00861486 null
2017 11 12 16 34 54 0.113274 0.00861486 null
2017 11 12 16 34 54 0.113274 0.00861486 null
2017 11 12 16 34 55 0.103933 0.010344 null
2017 11 12 16 34 55 0.103933 0.010344 null
2017 11 12 16 34 55 0.103933 0.010344 null
2017 11 12 16 34 55 0.103933 0.010344 null
2017 11 12 16 34 55 0.10355 0.00182097 null
2017 11 12 16 34 55 0.10355 0.00182097 null
2017 11 12 16 34 55 0.107432 0.00709001 null
2017 11 12 16 34 55 0.109269 0.00215922 null
2017 11 12 16 34 55 0.110285 0.0058164 null
2017 11 12 16 34 55 0.110285 0.0058164 null
2017 11 12 16 34 56 0.110285 0.0058164 null
2017 11 12 16 34 56 0.110285 0.0058164 null
2017 11 12 16 34 56 0.104939 -0.0110426 null
2017 11 12 16 34 56 0.107715 -0.0185113 null
2017 11 12 16 34 56 0.107715 -0.0185113 null
2017 11 12 16 34 56 0.104146 -0.00267553 null
2017 11 12 16 34 56 0.092804 -0.010392 null
2017 11 12 16 34 56 0.103793 -0.0641902 null
2017 11 12 16 34 56 0.103793 -0.0641902 null
2017 11 12 16 34 56 0.0699565 -0.0879745 null
2017 11 12 16 34 57 0.0612392 -0.120686 null
2017 11 12 16 34 57 0.0612392 -0.120686 null
2017 11 12 16 34 57 0.0657945 -0.165424 null
2017 11 12 16 34 57 0.0388987 -0.183566 null
2017 11 12 16 34 57 0.0388987 -0.183566 null
2017 11 12 16 34 57 -0.0227775 -0.211624 null
2017 11 12 16 34 57 -0.0753466 -0.290349 null
2017 11 12 16 34 57 -0.0753466 -0.290349 null
2017 11 12 16 34 57 -0.1834 -0.336753 null
2017 11 12 16 34 57 -0.266405 -0.375498 null
2017 11 12 16 34 58 -0.266405 -0.375498 null
2017 11 12 16 34 58 -0.347158 -0.401655 null
2017 11 12 16 34 58 -0.427806 -0.397096 null
2017 11 12 16 34 58 -0.491729 -0.397283 null
2017 11 12 16 34 58 -0.491729 -0.397283 null
2017 11 12 16 34 58 -0.532886 -0.413758 null
2017 11 12 16 34 58 -0.581095 -0.413212 null
2017 11 12 16 34 58 -0.581095 -0.413212 null
2017 11 12 16 34 58 -0.641635 -0.374534 null
2017 11 12 16 34 58 -0.641635 -0.374534 null
2017 11 12 16 34 59 -0.641635 -0.374534 null
2017 11 12 16 34 59 -0.849643 -0.318819 null
2017 11 12 16 34 59 -0.849643 -0.318819 null
2017 11 12 16 34 59 -0.934128 -0.310412 null
2017 11 12 16 34 59 -0.964102 -0.294627 null
2017 11 12 16 34 59 -1.0555 -0.26083 null
2017 11 12 16 34 59 -1.0555 -0.26083 null
2017 11 12 16 34 59 -1.08047 -0.237253 null
2017 11 12 16 34 59 -1.07145 -0.227597 null
2017 11 12 16 34 59 -1.06394 -0.182188 null
2017 11 12 16 35 00 -1.06394 -0.182188 null
2017 11 12 16 35 00 -1.0839 -0.150873 null
2017 11 12 16 35 00 -1.14596 -0.0782991 null
2017 11 12 16 35 00 -1.14596 -0.0782991 null
2017 11 12 16 35 00 -1.22299 -0.0515509 null
2017 11 12 16 35 00 -1.22299 -0.0515509 null
2017 11 12 16 35 00 -1.26974 -0.00398751 null
2017 11 12 16 35 00 -1.35218 0.0420457 null
2017 11 12 16 35 00 -1.39514 0.104547 null
2017 11 12 16 35 00 -1.39514 0.104547 null
2017 11 12 16 35 01 -1.45016 0.195465 null
2017 11 12 16 35 01 -1.52442 0.279377 null
2017 11 12 16 35 01 -1.52442 0.279377 null
2017 11 12 16 35 01 -1.57913 0.398379 null
2017 11 12 16 35 01 -1.60537 0.49968 null
2017 11 12 16 35 01 -1.60537 0.49968 null
2017 11 12 16 35 01 -1.66736 0.596806 null
2017 11 12 16 35 01 -1.70969 0.728998 null
2017 11 12 16 35 01 -1.70969 0.728998 null
2017 11 12 16 35 01 -1.76275 0.854256 null
2017 11 12 16 35 02 -1.78901 0.981915 null
2017 11 12 16 35 02 -1.77275 1.14272 null
2017 11 12 16 35 02 -1.77275 1.14272 null
2017 11 12 16 35 02 -1.76791 1.28358 null
2017 11 12 16 35 02 -1.76791 1.28358 null
2017 11 12 16 35 02 -1.7555 1.42191 null
2017 11 12 16 35 02 -1.72502 1.5466 null
2017 11 12 16 35 02 -1.72896 1.63921 null
2017 11 12 16 35 02 -1.72896 1.63921 null
2017 11 12 16 35 02 -1.70905 1.74884 null
2017 11 12 16 35 03 -1.65347 1.87943 null
2017 11 12 16 35 03 -1.65347 1.87943 null
2017 11 12 16 35 03 -1.65347 1.87943 null
2017 11 12 16 35 03 -1.52742 2.10702 null
2017 11 12 16 35 03 -1.52742 2.10702 null
2017 11 12 16 35 03 -1.45953 2.18284 null
2017 11 12 16 35 03 -1.40896 2.2353 null
2017 11 12 16 35 03 -1.40896 2.2353 null
2017 11 12 16 35 03 -1.35945 2.27813 null
2017 11 12 16 35 03 -1.32314 2.32135 null
2017 11 12 16 35 04 -1.32314 2.32135 null
2017 11 12 16 35 04 -1.28698 2.37104 null
2017 11 12 16 35 04 -1.21749 2.49789 null
2017 11 12 16 35 04 -1.22089 2.61771 null
2017 11 12 16 35 04 -1.22089 2.61771 null
2017 11 12 16 35 04 -1.18683 2.76325 null
2017 11 12 16 35 04 -1.14316 2.90847 null
2017 11 12 16 35 04 -1.14316 2.90847 null
2017 11 12 16 35 04 -1.10921 3.04499 null
2017 11 12 16 35 04 -1.07889 3.16576 null
2017 11 12 16 35 05 -1.07889 3.16576 null
2017 11 12 16 35 05 -1.05332 3.19146 null
2017 11 12 16 35 05 -1.01014 3.38024 null
2017 11 12 16 35 05 -1.01014 3.38024 null
2017 11 12 16 35 05 -0.998958 3.48307 null
2017 11 12 16 35 05 -0.962292 3.55794 null
2017 11 12 16 35 05 -0.942393 3.66395 null
2017 11 12 16 35 05 -0.942393 3.66395 null
2017 11 12 16 35 05 -0.898652 3.70959 null
2017 11 12 16 35 05 -0.80036 3.7928 null
2017 11 12 16 35 06 -0.80036 3.7928 null
2017 11 12 16 35 06 -0.702582 3.91296 null
2017 11 12 16 35 06 -0.634537 3.99527 null
2017 11 12 16 35 06 -0.634537 3.99527 null
2017 11 12 16 35 06 -0.582739 4.0722 null
2017 11 12 16 35 06 -0.512979 4.14437 null
2017 11 12 16 35 06 -0.475347 4.14559 null
2017 11 12 16 35 06 -0.475347 4.14559 null
2017 11 12 16 35 06 -0.391357 4.20035 null
2017 11 12 16 35 06 -0.391357 4.20035 null
2017 11 12 16 35 07 -0.325143 4.20739 null
2017 11 12 16 35 07 -0.234146 4.22897 null
2017 11 12 16 35 07 -0.234146 4.22897 null
2017 11 12 16 35 07 -0.14478 4.25258 null
2017 11 12 16 35 07 -0.0455787 4.25537 null
2017 11 12 16 35 07 0.0539799 4.26469 null
2017 11 12 16 35 07 0.0539799 4.26469 null
2017 11 12 16 35 07 0.149268 4.25909 null
2017 11 12 16 35 07 0.149268 4.25909 null
2017 11 12 16 35 07 0.254831 4.27512 null
2017 11 12 16 35 08 0.365027 4.27619 null
2017 11 12 16 35 08 0.458192 4.27206 null
2017 11 12 16 35 08 0.458192 4.27206 null
2017 11 12 16 35 08 0.55243 4.23036 null
2017 11 12 16 35 08 0.648982 4.21549 null
2017 11 12 16 35 08 0.648982 4.21549 null
2017 11 12 16 35 08 0.732515 4.16622 null
2017 11 12 16 35 08 0.817058 4.11135 null
2017 11 12 16 35 08 0.817058 4.11135 null
2017 11 12 16 35 08 0.925076 4.06304 null
2017 11 12 16 35 09 1.03922 3.99966 null
2017 11 12 16 35 09 1.03922 3.99966 null
2017 11 12 16 35 09 1.14971 3.96047 null
2017 11 12 16 35 09 1.23161 3.93911 null
2017 11 12 16 35 09 1.23161 3.93911 null
2017 11 12 16 35 09 1.34738 3.85574 null
2017 11 12 16 35 09 1.34738 3.85574 null
2017 11 12 16 35 09 1.42686 3.80425 null
2017 11 12 16 35 09 1.42686 3.80425 null
2017 11 12 16 35 09 1.54529 3.72506 null
2017 11 12 16 35 10 1.65016 3.62164 null
2017 11 12 16 35 10 1.65016 3.62164 null
2017 11 12 16 35 10 1.72282 3.47653 null
2017 11 12 16 35 10 1.78454 3.34417 null
2017 11 12 16 35 10 1.78454 3.34417 null
2017 11 12 16 35 10 1.81811 3.19025 null
2017 11 12 16 35 10 1.82902 3.05205 null
2017 11 12 16 35 10 1.82902 3.05205 null
2017 11 12 16 35 10 1.83006 2.89793 null
2017 11 12 16 35 10 1.80442 2.78313 null
2017 11 12 16 35 11 1.80442 2.78313 null
2017 11 12 16 35 11 1.78424 2.67228 null
2017 11 12 16 35 11 1.74413 2.60127 null
2017 11 12 16 35 11 1.71627 2.5309 null
2017 11 12 16 35 11 1.71627 2.5309 null
2017 11 12 16 35 11 1.71903 2.40105 null
2017 11 12 16 35 11 1.70544 2.35772 null
2017 11 12 16 35 11 1.70544 2.35772 null
2017 11 12 16 35 11 1.68117 2.30481 null
2017 11 12 16 35 11 1.67892 2.21167 null
2017 11 12 16 35 12 1.67892 2.21167 null
2017 11 12 16 35 12 1.67892 2.21167 null
2017 11 12 16 35 12 1.63034 2.00021 null
2017 11 12 16 35 12 1.63034 2.00021 null
2017 11 12 16 35 12 1.62219 1.90117 null
2017 11 12 16 35 12 1.61435 1.79514 null
2017 11 12 16 35 12 1.58879 1.68857 null
2017 11 12 16 35 12 1.58879 1.68857 null
2017 11 12 16 35 12 1.58879 1.68857 null
2017 11 12 16 35 12 1.58879 1.68857 null
2017 11 12 16 35 13 1.53151 1.49078 null
2017 11 12 16 35 13 1.54291 1.41183 null
2017 11 12 16 35 13 1.54189 1.33607 null
2017 11 12 16 35 13 1.54189 1.33607 null
2017 11 12 16 35 13 1.53432 1.23894 null
2017 11 12 16 35 13 1.50916 1.14868 null
2017 11 12 16 35 13 1.50916 1.14868 null
2017 11 12 16 35 13 1.45852 1.06118 null
2017 11 12 16 35 13 1.432 0.993687 null
2017 11 12 16 35 13 1.432 0.993687 null
2017 11 12 16 35 14 1.4121 0.923961 null
2017 11 12 16 35 14 1.42497 0.873864 null
2017 11 12 16 35 14 1.40771 0.827493 null
2017 11 12 16 35 14 1.40771 0.827493 null
2017 11 12 16 35 14 1.38273 0.778253 null
2017 11 12 16 35 14 1.38273 0.778253 null
2017 11 12 16 35 14 1.33885 0.748045 null
2017 11 12 16 35 14 1.28977 0.721813 null
2017 11 12 16 35 14 1.26821 0.71545 null
2017 11 12 16 35 14 1.26821 0.71545 null
2017 11 12 16 35 15 1.26857 0.689136 null
2017 11 12 16 35 15 1.26271 0.666119 null
2017 11 12 16 35 15 1.26271 0.666119 null
2017 11 12 16 35 15 1.2661 0.640412 null
2017 11 12 16 35 15 1.27159 0.608163 null
2017 11 12 16 35 15 1.27159 0.608163 null
2017 11 12 16 35 15 1.26444 0.562213 null
2017 11 12 16 35 15 1.22778 0.533527 null
2017 11 12 16 35 15 1.22778 0.533527 null
2017 11 12 16 35 15 1.21907 0.49425 null
2017 11 12 16 35 16 1.23226 0.466442 null
2017 11 12 16 35 16 1.2383 0.417158 null
2017 11 12 16 35 16 1.2383 0.417158 null
2017 11 12 16 35 16 1.22315 0.385519 null
2017 11 12 16 35 16 1.22315 0.385519 null
2017 11 12 16 35 16 1.1912 0.367893 null
2017 11 12 16 35 16 1.17535 0.347199 null
2017 11 12 16 35 16 1.16125 0.338856 null
2017 11 12 16 35 16 1.16125 0.338856 null
2017 11 12 16 35 16 1.15241 0.341708 null
2017 11 12 16 35 17 1.14129 0.338828 null
2017 11 12 16 35 17 1.14129 0.338828 null
2017 11 12 16 35 17 1.12863 0.321662 null
2017 11 12 16 35 17 1.10493 0.295034 null
2017 11 12 16 35 17 1.10493 0.295034 null
2017 11 12 16 35 17 1.06738 0.251872 null
2017 11 12 16 35 17 1.03474 0.188194 null
2017 11 12 16 35 17 1.03474 0.188194 null
2017 11 12 16 35 17 1.01095 0.145573 null
2017 11 12 16 35 17 0.987833 0.0707391 null
2017 11 12 16 35 18 0.941668 -0.0325239 null
2017 11 12 16 35 18 0.941668 -0.0325239 null
2017 11 12 16 35 18 0.911691 -0.14183 null
2017 11 12 16 35 18 0.911691 -0.14183 null
2017 11 12 16 35 18 0.867521 -0.235948 null
2017 11 12 16 35 18 0.839573 -0.312185 null
2017 11 12 16 35 18 0.814178 -0.395708 null
2017 11 12 16 35 18 0.814178 -0.395708 null
2017 11 12 16 35 18 0.774883 -0.446882 null
2017 11 12 16 35 18 0.710418 -0.492316 null
2017 11 12 16 35 19 0.710418 -0.492316 null
2017 11 12 16 35 19 0.63328 -0.560382 null
2017 11 12 16 35 19 0.581888 -0.61265 null
2017 11 12 16 35 19 0.543367 -0.677528 null
2017 11 12 16 35 19 0.543367 -0.677528 null
2017 11 12 16 35 19 0.534602 -0.754436 null
2017 11 12 16 35 19 0.534602 -0.754436 null
2017 11 12 16 35 19 0.502148 -0.796353 null
2017 11 12 16 35 19 0.48432 -0.852058 null
2017 11 12 16 35 19 0.487797 -0.946514 null
2017 11 12 16 35 20 0.487797 -0.946514 null
2017 11 12 16 35 20 0.477709 -1.01349 null
2017 11 12 16 35 20 0.431577 -1.07074 null
2017 11 12 16 35 20 0.431577 -1.07074 null
2017 11 12 16 35 20 0.372451 -1.13641 null
2017 11 12 16 35 20 0.372451 -1.13641 null
2017 11 12 16 35 20 0.300863 -1.19821 null
2017 11 12 16 35 20 0.235992 -1.26161 null
2017 11 12 16 35 20 0.168647 -1.31496 null
2017 11 12 16 35 20 0.168647 -1.31496 null
2017 11 12 16 35 21 0.129581 -1.39029 null
2017 11 12 16 35 21 0.104138 -1.48705 null
2017 11 12 16 35 21 0.102367 -1.60405 null
2017 11 12 16 35 21 0.102367 -1.60405 null
2017 11 12 16 35 21 0.0935251 -1.7186 null
2017 11 12 16 35 21 0.0834955 -1.82149 null
2017 11 12 16 35 21 0.0834955 -1.82149 null
2017 11 12 16 35 21 0.0478481 -1.91229 null
2017 11 12 16 35 21 0.0478481 -1.91229 null
2017 11 12 16 35 21 -0.032409 -2.07879 null
2017 11 12 16 35 22 -0.032409 -2.07879 null
2017 11 12 16 35 22 -0.0415248 -2.16358 null
2017 11 12 16 35 22 -0.0415248 -2.16358 null
2017 11 12 16 35 22 -0.0783483 -2.24471 null
2017 11 12 16 35 22 -0.124965 -2.33579 null
2017 11 12 16 35 22 -0.124965 -2.33579 null
2017 11 12 16 35 22 -0.164974 -2.42613 null
2017 11 12 16 35 22 -0.152353 -2.51502 null
2017 11 12 16 35 22 -0.152353 -2.51502 null
2017 11 12 16 35 22 -0.137166 -2.60725 null
2017 11 12 16 35 23 -0.126614 -2.68568 null
2017 11 12 16 35 23 -0.0995002 -2.75925 null
2017 11 12 16 35 23 -0.0995002 -2.75925 null
2017 11 12 16 35 23 -0.0940689 -2.83189 null
2017 11 12 16 35 23 -0.0940689 -2.83189 null
2017 11 12 16 35 23 -0.0754958 -2.90274 null
2017 11 12 16 35 23 -0.00139001 -2.94522 null
2017 11 12 16 35 23 0.0478389 -2.97205 null
2017 11 12 16 35 23 0.0478389 -2.97205 null
2017 11 12 16 35 23 0.113007 -2.9856 null
2017 11 12 16 35 24 0.217492 -2.99053 null
2017 11 12 16 35 24 0.217492 -2.99053 null
2017 11 12 16 35 24 0.298875 -3.01769 null
2017 11 12 16 35 24 0.410442 -3.04812 null
2017 11 12 16 35 24 0.410442 -3.04812 null
2017 11 12 16 35 24 0.482356 -3.09281 null
2017 11 12 16 35 24 0.561519 -3.13866 null
2017 11 12 16 35 24 0.627035 -3.18992 null
2017 11 12 16 35 24 0.627035 -3.18992 null
2017 11 12 16 35 24 0.691414 -3.23759 null
2017 11 12 16 35 25 0.691414 -3.23759 null
2017 11 12 16 35 25 0.764097 -3.28013 null
2017 11 12 16 35 25 0.82368 -3.31916 null
2017 11 12 16 35 25 0.899522 -3.33728 null
2017 11 12 16 35 25 0.899522 -3.33728 null
2017 11 12 16 35 25 0.998501 -3.34823 null
2017 11 12 16 35 25 0.998501 -3.34823 null
2017 11 12 16 35 25 0.998501 -3.34823 null
2017 11 12 16 35 25 1.20118 -3.42599 null
2017 11 12 16 35 25 1.29006 -3.4648 null
2017 11 12 16 35 26 1.29006 -3.4648 null
2017 11 12 16 35 26 1.37139 -3.49746 null
2017 11 12 16 35 26 1.46389 -3.54085 null
2017 11 12 16 35 26 1.46389 -3.54085 null
2017 11 12 16 35 26 1.55661 -3.58772 null
2017 11 12 16 35 26 1.64237 -3.60571 null
2017 11 12 16 35 26 1.7049 -3.61674 null
2017 11 12 16 35 26 1.7049 -3.61674 null
2017 11 12 16 35 26 1.78236 -3.59857 null
2017 11 12 16 35 26 1.85411 -3.56696 null
2017 11 12 16 35 27 1.85411 -3.56696 null
2017 11 12 16 35 27 1.92567 -3.56507 null
2017 11 12 16 35 27 1.99622 -3.57243 null
2017 11 12 16 35 27 1.99622 -3.57243 null
2017 11 12 16 35 27 2.04894 -3.64007 null
2017 11 12 16 35 27 2.11937 -3.70708 null
2017 11 12 16 35 27 2.11937 -3.70708 null
2017 11 12 16 35 27 2.13428 -3.79933 null
2017 11 12 16 35 27 2.14801 -3.91022 null
2017 11 12 16 35 27 2.14801 -3.91022 null
2017 11 12 16 35 28 2.16588 -4.00176 null
2017 11 12 16 35 28 2.13761 -4.11751 null
2017 11 12 16 35 28 2.08368 -4.23696 null
2017 11 12 16 35 28 2.08368 -4.23696 null
2017 11 12 16 35 28 2.03165 -4.34277 null
2017 11 12 16 35 28 2.00386 -4.41431 null
2017 11 12 16 35 28 2.00386 -4.41431 null
2017 11 12 16 35 28 2.01498 -4.485 null
2017 11 12 16 35 28 2.01002 -4.54486 null
2017 11 12 16 35 28 2.01002 -4.54486 null
2017 11 12 16 35 29 1.97808 -4.61888 null
2017 11 12 16 35 29 1.96519 -4.67052 null
2017 11 12 16 35 29 1.96519 -4.67052 null
2017 11 12 16 35 29 1.91777 -4.74634 null
2017 11 12 16 35 29 1.85695 -4.82042 null
2017 11 12 16 35 29 1.77301 -4.86433 null
2017 11 12 16 35 29 1.77301 -4.86433 null
2017 11 12 16 35 29 1.68845 -4.87608 null
2017 11 12 16 35 29 1.68845 -4.87608 null
2017 11 12 16 35 29 1.60492 -4.84708 null
2017 11 12 16 35 30 1.52739 -4.80966 null
2017 11 12 16 35 30 1.46958 -4.76936 null
2017 11 12 16 35 30 1.46958 -4.76936 null
2017 11 12 16 35 30 1.42129 -4.74167 null
2017 11 12 16 35 30 1.36468 -4.72438 null
2017 11 12 16 35 30 1.36468 -4.72438 null
2017 11 12 16 35 30 1.30931 -4.6957 null
2017 11 12 16 35 30 1.30931 -4.6957 null
2017 11 12 16 35 30 1.23368 -4.6565 null
2017 11 12 16 35 30 1.14049 -4.61673 null
2017 11 12 16 35 31 1.03089 -4.58496 null
2017 11 12 16 35 31 0.99239 -4.56889 null
2017 11 12 16 35 31 0.99239 -4.56889 null
2017 11 12 16 35 31 0.946247 -4.51374 null
2017 11 12 16 35 31 0.916896 -4.48144 null
2017 11 12 16 35 31 0.916896 -4.48144 null
2017 11 12 16 35 31 0.906726 -4.45398 null
2017 11 12 16 35 31 0.906726 -4.45398 null
2017 11 12 16 35 31 0.904622 -4.4572 null
2017 11 12 16 35 31 0.848502 -4.40864 null
2017 11 12 16 35 32 0.848502 -4.40864 null
2017 11 12 16 35 32 0.817772 -4.44646 null
2017 11 12 16 35 32 0.766656 -4.42752 null
2017 11 12 16 35 32 0.704142 -4.41486 null
2017 11 12 16 35 32 0.704142 -4.41486 null
2017 11 12 16 35 32 0.649006 -4.40139 null
2017 11 12 16 35 32 0.583135 -4.35111 null
2017 11 12 16 35 32 0.583135 -4.35111 null
2017 11 12 16 35 32 0.477326 -4.31062 null
2017 11 12 16 35 32 0.354446 -4.25801 null
2017 11 12 16 35 33 0.354446 -4.25801 null
2017 11 12 16 35 33 0.222811 -4.19673 null
2017 11 12 16 35 33 0.155112 -4.14382 null
2017 11 12 16 35 33 0.155112 -4.14382 null
2017 11 12 16 35 33 0.0110894 -4.07959 null
2017 11 12 16 35 33 -0.102434 -4.03563 null
2017 11 12 16 35 33 -0.155707 -4.00697 null
2017 11 12 16 35 33 -0.155707 -4.00697 null
2017 11 12 16 35 33 -0.23859 -3.96589 null
2017 11 12 16 35 33 -0.343428 -3.95581 null
2017 11 12 16 35 34 -0.343428 -3.95581 null
2017 11 12 16 35 34 -0.433892 -3.92731 null
2017 11 12 16 35 34 -0.509038 -3.93928 null
2017 11 12 16 35 34 -0.577083 -3.89871 null
2017 11 12 16 35 34 -0.577083 -3.89871 null
2017 11 12 16 35 34 -0.68881 -3.90435 null
2017 11 12 16 35 34 -0.68881 -3.90435 null
2017 11 12 16 35 34 -0.750499 -3.87733 null
2017 11 12 16 35 34 -0.856457 -3.82841 null
2017 11 12 16 35 34 -0.856457 -3.82841 null
2017 11 12 16 35 35 -0.899441 -3.80405 null
2017 11 12 16 35 35 -0.899441 -3.80405 null
2017 11 12 16 35 35 -1.11188 -3.72218 null
2017 11 12 16 35 35 -1.11188 -3.72218 null
2017 11 12 16 35 35 -1.20282 -3.69745 null
2017 11 12 16 35 35 -1.34211 -3.66299 null
2017 11 12 16 35 35 -1.34211 -3.66299 null
2017 11 12 16 35 35 -1.43213 -3.65251 null
2017 11 12 16 35 35 -1.5515 -3.61856 null
2017 11 12 16 35 35 -1.5515 -3.61856 null
2017 11 12 16 35 36 -1.70542 -3.59031 null
2017 11 12 16 35 36 -1.80754 -3.54752 null
2017 11 12 16 35 36 -1.80754 -3.54752 null
2017 11 12 16 35 36 -1.91087 -3.50995 null
2017 11 12 16 35 36 -2.00566 -3.47285 null
2017 11 12 16 35 36 -2.00566 -3.47285 null
2017 11 12 16 35 36 -2.10508 -3.39988 null
2017 11 12 16 35 36 -2.22445 -3.34229 null
2017 11 12 16 35 36 -2.3208 -3.29529 null
2017 11 12 16 35 36 -2.3208 -3.29529 null
2017 11 12 16 35 37 -2.42549 -3.25796 null
2017 11 12 16 35 37 -2.55617 -3.19762 null
2017 11 12 16 35 37 -2.55617 -3.19762 null
2017 11 12 16 35 37 -2.68195 -3.15072 null
2017 11 12 16 35 37 -2.78709 -3.08832 null
2017 11 12 16 35 37 -2.78709 -3.08832 null
2017 11 12 16 35 37 -2.90741 -3.00932 null
2017 11 12 16 35 37 -3.0069 -2.95129 null
2017 11 12 16 35 37 -3.0069 -2.95129 null
2017 11 12 16 35 37 -3.09654 -2.92261 null
2017 11 12 16 35 38 -3.2308 -2.85981 null
2017 11 12 16 35 38 -3.35103 -2.82459 null
2017 11 12 16 35 38 -3.35103 -2.82459 null
2017 11 12 16 35 38 -3.43575 -2.80796 null
2017 11 12 16 35 38 -3.43575 -2.80796 null
2017 11 12 16 35 38 -3.5457 -2.79804 null
2017 11 12 16 35 38 -3.66099 -2.78355 null
2017 11 12 16 35 38 -3.80654 -2.75049 null
2017 11 12 16 35 38 -3.80654 -2.75049 null
2017 11 12 16 35 38 -3.88912 -2.7164 null
2017 11 12 16 35 39 -3.88912 -2.7164 null
2017 11 12 16 35 39 -3.88912 -2.7164 null
2017 11 12 16 35 39 -4.06126 -2.63155 null
2017 11 12 16 35 39 -4.16053 -2.57416 null
2017 11 12 16 35 39 -4.16053 -2.57416 null
2017 11 12 16 35 39 -4.29011 -2.52424 null
2017 11 12 16 35 39 -4.4109 -2.47088 null
2017 11 12 16 35 39 -4.4109 -2.47088 null
2017 11 12 16 35 39 -4.52675 -2.44237 null
2017 11 12 16 35 39 -4.52675 -2.44237 null
2017 11 12 16 35 40 -4.7307 -2.37005 null
2017 11 12 16 35 40 -4.7307 -2.37005 null
2017 11 12 16 35 40 -4.83998 -2.30907 null
2017 11 12 16 35 40 -4.92679 -2.23876 null
2017 11 12 16 35 40 -4.92679 -2.23876 null
2017 11 12 16 35 40 -5.00298 -2.19026 null
2017 11 12 16 35 40 -5.00298 -2.19026 null
2017 11 12 16 35 40 -5.10806 -2.15135 null
2017 11 12 16 35 40 -5.21472 -2.1059 null
2017 11 12 16 35 40 -5.29603 -2.06495 null
2017 11 12 16 35 41 -5.29603 -2.06495 null
2017 11 12 16 35 41 -5.38358 -2.01976 null
2017 11 12 16 35 41 -5.48016 -1.97277 null
2017 11 12 16 35 41 -5.60187 -1.94544 null
2017 11 12 16 35 41 -5.60187 -1.94544 null
2017 11 12 16 35 41 -5.69809 -1.89688 null
2017 11 12 16 35 41 -5.79476 -1.83801 null
2017 11 12 16 35 41 -5.79476 -1.83801 null
2017 11 12 16 35 41 -5.89252 -1.80335 null
2017 11 12 16 35 41 -5.9504 -1.79313 null
2017 11 12 16 35 42 -5.9504 -1.79313 null
2017 11 12 16 35 42 -6.01967 -1.76777 null
2017 11 12 16 35 42 -6.08655 -1.73892 null
2017 11 12 16 35 42 -6.08655 -1.73892 null
2017 11 12 16 35 42 -6.15046 -1.71764 null
2017 11 12 16 35 42 -6.2189 -1.69911 null
2017 11 12 16 35 42 -6.2189 -1.69911 null
2017 11 12 16 35 42 -6.3107 -1.68439 null
2017 11 12 16 35 42 -6.40614 -1.68227 null
2017 11 12 16 35 42 -6.40614 -1.68227 null
2017 11 12 16 35 43 -6.49517 -1.67433 null
2017 11 12 16 35 43 -6.5889 -1.63114 null
2017 11 12 16 35 43 -6.5889 -1.63114 null
2017 11 12 16 35 43 -6.68205 -1.5568 null
2017 11 12 16 35 43 -6.76364 -1.50009 null
2017 11 12 16 35 43 -6.85438 -1.46607 null
2017 11 12 16 35 43 -6.85438 -1.46607 null
2017 11 12 16 35 43 -6.97365 -1.43431 null
2017 11 12 16 35 43 -7.06902 -1.42812 null
2017 11 12 16 35 43 -7.06902 -1.42812 null
2017 11 12 16 35 44 -7.16575 -1.42669 null
2017 11 12 16 35 44 -7.27298 -1.41886 null
2017 11 12 16 35 44 -7.27298 -1.41886 null
2017 11 12 16 35 44 -7.39315 -1.39875 null
2017 11 12 16 35 44 -7.51741 -1.37721 null
2017 11 12 16 35 44 -7.51741 -1.37721 null
2017 11 12 16 35 44 -7.51741 -1.37721 null
2017 11 12 16 35 44 -7.69229 -1.30451 null
2017 11 12 16 35 44 -7.69229 -1.30451 null
2017 11 12 16 35 44 -7.69229 -1.30451 null
2017 11 12 16 35 45 -7.81575 -1.21274 null
2017 11 12 16 35 45 -7.88537 -1.1599 null
2017 11 12 16 35 45 -7.88537 -1.1599 null
2017 11 12 16 35 45 -7.88537 -1.1599 null
2017 11 12 16 35 45 -8.09621 -1.11995 null
2017 11 12 16 35 45 -8.09621 -1.11995 null
2017 11 12 16 35 45 -8.22121 -1.10643 null
2017 11 12 16 35 45 -8.22121 -1.10643 null
2017 11 12 16 35 45 -8.33991 -1.08338 null
2017 11 12 16 35 45 -8.44684 -1.03322 null
2017 11 12 16 35 46 -8.54431 -0.966446 null
2017 11 12 16 35 46 -8.54431 -0.966446 null
2017 11 12 16 35 46 -8.63329 -0.926531 null
2017 11 12 16 35 46 -8.72374 -0.878823 null
2017 11 12 16 35 46 -8.81038 -0.838748 null
2017 11 12 16 35 46 -8.81038 -0.838748 null
2017 11 12 16 35 46 -8.91586 -0.792336 null
2017 11 12 16 35 46 -9.03192 -0.743486 null
2017 11 12 16 35 46 -9.03192 -0.743486 null
2017 11 12 16 35 46 -9.1543 -0.68427 null
2017 11 12 16 35 47 -9.1543 -0.68427 null
2017 11 12 16 35 47 -9.24429 -0.632549 null
2017 11 12 16 35 47 -9.35941 -0.584364 null
2017 11 12 16 35 47 -9.45548 -0.506113 null
2017 11 12 16 35 47 -9.45548 -0.506113 null
2017 11 12 16 35 47 -9.5485 -0.428392 null
2017 11 12 16 35 47 -9.64997 -0.339538 null
2017 11 12 16 35 47 -9.64997 -0.339538 null
2017 11 12 16 35 47 -9.75696 -0.283337 null
2017 11 12 16 35 47 -9.85295 -0.201473 null
2017 11 12 16 35 48 -9.85295 -0.201473 null
2017 11 12 16 35 48 -9.97071 -0.138797 null
2017 11 12 16 35 48 -10.0861 -0.0879034 null
2017 11 12 16 35 48 -10.0861 -0.0879034 null
2017 11 12 16 35 48 -10.1752 -0.0220751 null
2017 11 12 16 35 48 -10.2456 0.0524261 null
2017 11 12 16 35 48 -10.2456 0.0524261 null
2017 11 12 16 35 48 -10.3233 0.146521 null
2017 11 12 16 35 48 -10.3491 0.251869 null
2017 11 12 16 35 48 -10.3491 0.251869 null
2017 11 12 16 35 49 -10.395 0.359265 null
2017 11 12 16 35 49 -10.4276 0.448516 null
2017 11 12 16 35 49 -10.4802 0.552795 null
2017 11 12 16 35 49 -10.4802 0.552795 null
2017 11 12 16 35 49 -10.5312 0.664053 null
2017 11 12 16 35 49 -10.593 0.771771 null
2017 11 12 16 35 49 -10.593 0.771771 null
2017 11 12 16 35 49 -10.5849 0.910098 null
2017 11 12 16 35 49 -10.6717 0.996153 null
2017 11 12 16 35 49 -10.6717 0.996153 null
2017 11 12 16 35 50 -10.7048 1.13471 null
2017 11 12 16 35 50 -10.7398 1.23615 null
2017 11 12 16 35 50 -10.7398 1.23615 null
2017 11 12 16 35 50 -10.6909 1.34129 null
2017 11 12 16 35 50 -10.6494 1.39538 null
2017 11 12 16 35 50 -10.6494 1.39538 null
2017 11 12 16 35 50 -10.5137 1.46337 null
2017 11 12 16 35 50 -10.4745 1.54163 null
2017 11 12 16 35 50 -10.4152 1.63557 null
2017 11 12 16 35 50 -10.4152 1.63557 null
2017 11 12 16 35 51 -10.3723 1.74607 null
2017 11 12 16 35 51 -10.3223 1.88756 null
2017 11 12 16 35 51 -10.3223 1.88756 null
2017 11 12 16 35 51 -10.2568 1.98853 null
2017 11 12 16 35 51 -10.1622 2.04716 null
2017 11 12 16 35 51 -10.1622 2.04716 null
2017 11 12 16 35 51 -10.0554 2.07085 null
2017 11 12 16 35 51 -9.94827 2.06738 null
2017 11 12 16 35 51 -9.86105 2.06765 null
2017 11 12 16 35 51 -9.86105 2.06765 null
2017 11 12 16 35 52 -9.78815 2.06596 null
2017 11 12 16 35 52 -9.78815 2.06596 null
2017 11 12 16 35 52 -9.70728 2.06667 null
2017 11 12 16 35 52 -9.62408 2.06966 null
2017 11 12 16 35 52 -9.51738 2.06587 null
2017 11 12 16 35 52 -9.51738 2.06587 null
2017 11 12 16 35 52 -9.40018 2.05201 null
2017 11 12 16 35 52 -9.27866 2.01284 null
2017 11 12 16 35 52 -9.27866 2.01284 null
2017 11 12 16 35 52 -9.16193 1.95734 null
2017 11 12 16 35 53 -9.06668 1.9196 null
2017 11 12 16 35 53 -8.99502 1.86663 null
2017 11 12 16 35 53 -8.99502 1.86663 null
2017 11 12 16 35 53 -8.92705 1.81872 null
2017 11 12 16 35 53 -8.92705 1.81872 null
2017 11 12 16 35 53 -8.86422 1.80609 null
2017 11 12 16 35 53 -8.75877 1.78122 null
2017 11 12 16 35 53 -8.64143 1.76465 null
2017 11 12 16 35 53 -8.64143 1.76465 null
2017 11 12 16 35 53 -8.53204 1.75301 null
2017 11 12 16 35 54 -8.42876 1.76107 null
2017 11 12 16 35 54 -8.42876 1.76107 null
2017 11 12 16 35 54 -8.34801 1.76771 null
2017 11 12 16 35 54 -8.2757 1.78237 null
2017 11 12 16 35 54 -8.2757 1.78237 null
2017 11 12 16 35 54 -8.19524 1.78721 null
2017 11 12 16 35 54 -8.14175 1.78391 null
2017 11 12 16 35 54 -8.14175 1.78391 null
2017 11 12 16 35 54 -8.086 1.77002 null
2017 11 12 16 35 54 -8.03259 1.76615 null
2017 11 12 16 35 55 -8.03259 1.76615 null
2017 11 12 16 35 55 -7.96262 1.77282 null
2017 11 12 16 35 55 -7.88784 1.81341 null
2017 11 12 16 35 55 -7.88784 1.81341 null
2017 11 12 16 35 55 -7.82077 1.87809 null
2017 11 12 16 35 55 -7.76012 1.96944 null
2017 11 12 16 35 55 -7.71056 2.03874 null
2017 11 12 16 35 55 -7.71056 2.03874 null
2017 11 12 16 35 55 -7.69851 2.0831 null
2017 11 12 16 35 55 -7.69438 2.10773 null
2017 11 12 16 35 56 -7.69438 2.10773 null
2017 11 12 16 35 56 -7.68477 2.12449 null
2017 11 12 16 35 56 -7.63635 2.13423 null
2017 11 12 16 35 56 -7.63635 2.13423 null
2017 11 12 16 35 56 -7.6057 2.14164 null
2017 11 12 16 35 56 -7.59927 2.14418 null
2017 11 12 16 35 56 -7.59024 2.15942 null
2017 11 12 16 35 56 -7.59024 2.15942 null
2017 11 12 16 35 56 -7.56531 2.16793 null
2017 11 12 16 35 56 -7.54847 2.174 null
2017 11 12 16 35 57 -7.54847 2.174 null
2017 11 12 16 35 57 -7.53696 2.21423 null
2017 11 12 16 35 57 -7.53446 2.2817 null
2017 11 12 16 35 57 -7.53446 2.2817 null
2017 11 12 16 35 57 -7.53969 2.34275 null
2017 11 12 16 35 57 -7.53468 2.39584 null
2017 11 12 16 35 57 -7.53468 2.39584 null
2017 11 12 16 35 57 -7.49569 2.4247 null
2017 11 12 16 35 57 -7.46337 2.44585 null
2017 11 12 16 35 57 -7.46337 2.44585 null
2017 11 12 16 35 58 -7.42596 2.46649 null
2017 11 12 16 35 58 -7.37982 2.50707 null
2017 11 12 16 35 58 -7.34165 2.56139 null
2017 11 12 16 35 58 -7.34165 2.56139 null
2017 11 12 16 35 58 -7.32032 2.63839 null
2017 11 12 16 35 58 -7.32032 2.63839 null
2017 11 12 16 35 58 -7.30507 2.70046 null
2017 11 12 16 35 58 -7.33114 2.78174 null
2017 11 12 16 35 58 -7.36068 2.87048 null
2017 11 12 16 35 58 -7.36068 2.87048 null
2017 11 12 16 35 59 -7.38565 3.02454 null
2017 11 12 16 35 59 -7.4065 3.07891 null
2017 11 12 16 35 59 -7.4065 3.07891 null
2017 11 12 16 35 59 -7.42698 3.1559 null
2017 11 12 16 35 59 -7.4442 3.21626 null
2017 11 12 16 35 59 -7.4442 3.21626 null
2017 11 12 16 35 59 -7.46021 3.28115 null
2017 11 12 16 35 59 -7.47806 3.33458 null
2017 11 12 16 35 59 -7.47806 3.33458 null
2017 11 12 16 35 59 -7.49764 3.40241 null
2017 11 12 16 36 00 -7.52047 3.47848 null
2017 11 12 16 36 00 -7.55423 3.55709 null
2017 11 12 16 36 00 -7.55423 3.55709 null
2017 11 12 16 36 00 -7.58847 3.68843 null
2017 11 12 16 36 00 -7.61219 3.81458 null
2017 11 12 16 36 00 -7.61219 3.81458 null
2017 11 12 16 36 00 -7.6211 3.90259 null
2017 11 12 16 36 00 -7.62815 3.96155 null
2017 11 12 16 36 00 -7.62815 3.96155 null
2017 11 12 16 36 00 -7.64375 4.03283 null
2017 11 12 16 36 01 -7.66782 4.10522 null
2017 11 12 16 36 01 -7.66782 4.10522 null
2017 11 12 16 36 01 -7.67526 4.18026 null
2017 11 12 16 36 01 -7.6833 4.26661 null
2017 11 12 16 36 01 -7.6833 4.26661 null
2017 11 12 16 36 01 -7.67266 4.37265 null
2017 11 12 16 36 01 -7.65676 4.49248 null
2017 11 12 16 36 01 -7.63365 4.60473 null
2017 11 12 16 36 01 -7.63365 4.60473 null
2017 11 12 16 36 01 -7.58563 4.69211 null
2017 11 12 16 36 02 -7.58563 4.69211 null
2017 11 12 16 36 02 -7.56216 4.77121 null
2017 11 12 16 36 02 -7.53752 4.83745 null
2017 11 12 16 36 02 -7.49893 4.90497 null
2017 11 12 16 36 02 -7.49893 4.90497 null
2017 11 12 16 36 02 -7.47785 4.9708 null
2017 11 12 16 36 02 -7.47836 5.04365 null
2017 11 12 16 36 02 -7.47836 5.04365 null
2017 11 12 16 36 02 -7.46923 5.11149 null
2017 11 12 16 36 02 -7.44522 5.19009 null
2017 11 12 16 36 03 -7.44522 5.19009 null
2017 11 12 16 36 03 -7.43085 5.30556 null
2017 11 12 16 36 03 -7.3696 5.41085 null
2017 11 12 16 36 03 -7.3696 5.41085 null
2017 11 12 16 36 03 -7.31665 5.52893 null
2017 11 12 16 36 03 -7.31665 5.52893 null
2017 11 12 16 36 03 -7.31665 5.52893 null
2017 11 12 16 36 03 -7.26536 5.69315 null
2017 11 12 16 36 03 -7.24672 5.7518 null
2017 11 12 16 36 03 -7.24672 5.7518 null
2017 11 12 16 36 04 -7.24672 5.7518 null
2017 11 12 16 36 04 -7.21454 5.93202 null
2017 11 12 16 36 04 -7.18202 6.03426 null
2017 11 12 16 36 04 -7.17692 6.03331 null
2017 11 12 16 36 04 -7.14268 6.124 null
2017 11 12 16 36 04 -7.093 6.23002 null
2017 11 12 16 36 04 -7.04731 6.31695 null
2017 11 12 16 36 04 -7.04731 6.31695 null
2017 11 12 16 36 04 -6.9903 6.39527 null
2017 11 12 16 36 04 -6.93648 6.45843 null
2017 11 12 16 36 05 -6.93648 6.45843 null
2017 11 12 16 36 05 -6.87144 6.50558 null
2017 11 12 16 36 05 -6.87144 6.50558 null
2017 11 12 16 36 05 -6.80241 6.55262 null
2017 11 12 16 36 05 -6.75616 6.55287 null
2017 11 12 16 36 05 -6.71704 6.53536 null
2017 11 12 16 36 05 -6.71704 6.53536 null
2017 11 12 16 36 05 -6.67859 6.51344 null
2017 11 12 16 36 05 -6.6177 6.48737 null
2017 11 12 16 36 05 -6.6177 6.48737 null
2017 11 12 16 36 06 -6.56487 6.44667 null
2017 11 12 16 36 06 -6.5105 6.39876 null
2017 11 12 16 36 06 -6.5105 6.39876 null
2017 11 12 16 36 06 -6.4797 6.33248 null
2017 11 12 16 36 06 -6.48603 6.25989 null
2017 11 12 16 36 06 -6.48603 6.25989 null
2017 11 12 16 36 06 -6.51007 6.15857 null
2017 11 12 16 36 06 -6.56142 6.09629 null
2017 11 12 16 36 06 -6.63611 6.02046 null
2017 11 12 16 36 06 -6.63611 6.02046 null
2017 11 12 16 36 07 -6.71483 5.94919 null
2017 11 12 16 36 07 -6.79868 5.86977 null
2017 11 12 16 36 07 -6.79868 5.86977 null
2017 11 12 16 36 07 -6.87431 5.81233 null
2017 11 12 16 36 07 -6.87431 5.81233 null
2017 11 12 16 36 07 -6.94869 5.67256 null
2017 11 12 16 36 07 -6.94869 5.67256 null
2017 11 12 16 36 07 -6.93889 5.56297 null
2017 11 12 16 36 07 -6.93889 5.56297 null
2017 11 12 16 36 07 -6.92619 5.46485 null
2017 11 12 16 36 08 -6.91976 5.37837 null
2017 11 12 16 36 08 -6.91976 5.37837 null
2017 11 12 16 36 08 -6.94491 5.30215 null
2017 11 12 16 36 08 -6.9784 5.19616 null
2017 11 12 16 36 08 -6.9784 5.19616 null
2017 11 12 16 36 08 -7.03534 5.09378 null
2017 11 12 16 36 08 -7.13663 5.00715 null
2017 11 12 16 36 08 -7.13663 5.00715 null
2017 11 12 16 36 08 -7.22754 4.92413 null
2017 11 12 16 36 08 -7.27498 4.84088 null
2017 11 12 16 36 09 -7.32119 4.74838 null
2017 11 12 16 36 09 -7.32119 4.74838 null
2017 11 12 16 36 09 -7.34693 4.66826 null
2017 11 12 16 36 09 -7.36939 4.58497 null
2017 11 12 16 36 09 -7.36939 4.58497 null
2017 11 12 16 36 09 -7.38827 4.49955 null
2017 11 12 16 36 09 -7.41933 4.40986 null
2017 11 12 16 36 09 -7.41933 4.40986 null
2017 11 12 16 36 09 -7.45991 4.32209 null
2017 11 12 16 36 09 -7.49564 4.2477 null
2017 11 12 16 36 10 -7.49564 4.2477 null
2017 11 12 16 36 10 -7.50908 4.15158 null
2017 11 12 16 36 10 -7.51359 4.0784 null
2017 11 12 16 36 10 -7.52885 4.00038 null
2017 11 12 16 36 10 -7.52885 4.00038 null
2017 11 12 16 36 10 -7.53608 3.91922 null
2017 11 12 16 36 10 -7.54149 3.81844 null
2017 11 12 16 36 10 -7.54149 3.81844 null
2017 11 12 16 36 10 -7.54142 3.72116 null
2017 11 12 16 36 10 -7.51088 3.65778 null
2017 11 12 16 36 11 -7.51088 3.65778 null
2017 11 12 16 36 11 -7.47047 3.62897 null
2017 11 12 16 36 11 -7.44521 3.59785 null
2017 11 12 16 36 11 -7.44521 3.59785 null
2017 11 12 16 36 11 -7.45519 3.54746 null
2017 11 12 16 36 11 -7.47327 3.48296 null
2017 11 12 16 36 11 -7.47327 3.48296 null
2017 11 12 16 36 11 -7.49734 3.42105 null
2017 11 12 16 36 11 -7.50867 3.38414 null
2017 11 12 16 36 11 -7.50867 3.38414 null
2017 11 12 16 36 12 -7.50817 3.36907 null
2017 11 12 16 36 12 -7.49691 3.37488 null
2017 11 12 16 36 12 -7.49191 3.37156 null
2017 11 12 16 36 12 -7.49191 3.37156 null
2017 11 12 16 36 12 -7.50133 3.35534 null
2017 11 12 16 36 12 -7.51665 3.34233 null
2017 11 12 16 36 12 -7.51665 3.34233 null
2017 11 12 16 36 12 -7.51975 3.34604 null
2017 11 12 16 36 12 -7.50611 3.38687 null
2017 11 12 16 36 12 -7.50611 3.38687 null
2017 11 12 16 36 13 -7.48752 3.43727 null
2017 11 12 16 36 13 -7.48798 3.48054 null
2017 11 12 16 36 13 -7.48378 3.48051 null
2017 11 12 16 36 13 -7.49115 3.502 null
2017 11 12 16 36 13 -7.51129 3.53483 null
2017 11 12 16 36 13 -7.51129 3.53483 null
2017 11 12 16 36 13 -7.51129 3.53483 null
2017 11 12 16 36 13 -7.51888 3.63082 null
2017 11 12 16 36 13 -7.51237 3.66175 null
2017 11 12 16 36 13 -7.51237 3.66175 null
2017 11 12 16 36 14 -7.51786 3.67517 null
2017 11 12 16 36 14 -7.52975 3.65956 null
2017 11 12 16 36 14 -7.52975 3.65956 null
2017 11 12 16 36 14 -7.54197 3.61742 null
2017 11 12 16 36 14 -7.54197 3.61742 null
2017 11 12 16 36 14 -7.54197 3.61742 null
2017 11 12 16 36 14 -7.55224 3.50739 null
2017 11 12 16 36 14 -7.50652 3.4594 null
2017 11 12 16 36 14 -7.50652 3.4594 null
2017 11 12 16 36 14 -7.43137 3.4164 null
2017 11 12 16 36 15 -7.36731 3.36859 null
2017 11 12 16 36 15 -7.36731 3.36859 null
2017 11 12 16 36 15 -7.33102 3.32485 null
2017 11 12 16 36 15 -7.28301 3.27732 null
2017 11 12 16 36 15 -7.25442 3.2348 null
2017 11 12 16 36 15 -7.25442 3.2348 null
2017 11 12 16 36 15 -7.25736 3.17071 null
2017 11 12 16 36 15 -7.25968 3.0804 null
2017 11 12 16 36 15 -7.25968 3.0804 null
2017 11 12 16 36 15 -7.27135 3.00426 null
2017 11 12 16 36 16 -7.25234 2.90931 null
2017 11 12 16 36 16 -7.25234 2.90931 null
2017 11 12 16 36 16 -7.23728 2.81631 null
2017 11 12 16 36 16 -7.22997 2.72878 null
2017 11 12 16 36 16 -7.22997 2.72878 null
2017 11 12 16 36 16 -7.24037 2.63167 null
2017 11 12 16 36 16 -7.24334 2.53174 null
2017 11 12 16 36 16 -7.23364 2.43051 null
2017 11 12 16 36 16 -7.23364 2.43051 null
2017 11 12 16 36 16 -7.22849 2.33019 null
2017 11 12 16 36 17 -7.26479 2.24543 null
2017 11 12 16 36 17 -7.26479 2.24543 null
2017 11 12 16 36 17 -7.30609 2.17536 null
2017 11 12 16 36 17 -7.35043 2.1103 null
2017 11 12 16 36 17 -7.35043 2.1103 null
2017 11 12 16 36 17 -7.38565 2.04667 null
2017 11 12 16 36 17 -7.44349 1.99197 null
2017 11 12 16 36 17 -7.51422 1.94184 null
2017 11 12 16 36 17 -7.51422 1.94184 null
2017 11 12 16 36 17 -7.5825 1.89251 null
2017 11 12 16 36 18 -7.5825 1.89251 null
2017 11 12 16 36 18 -7.68102 1.8481 null
2017 11 12 16 36 18 -7.78147 1.7631 null
2017 11 12 16 36 18 -7.87721 1.70645 null
2017 11 12 16 36 18 -7.87721 1.70645 null
2017 11 12 16 36 18 -7.96873 1.68247 null
2017 11 12 16 36 18 -8.04921 1.67431 null
2017 11 12 16 36 18 -8.04921 1.67431 null
2017 11 12 16 36 18 -8.14354 1.66811 null
2017 11 12 16 36 18 -8.22856 1.67186 null
2017 11 12 16 36 19 -8.22856 1.67186 null
2017 11 12 16 36 19 -8.31894 1.6694 null
2017 11 12 16 36 19 -8.39037 1.65194 null
2017 11 12 16 36 19 -8.39037 1.65194 null
2017 11 12 16 36 19 -8.4439 1.63638 null
2017 11 12 16 36 19 -8.52013 1.65045 null
2017 11 12 16 36 19 -8.52013 1.65045 null
2017 11 12 16 36 19 -8.6306 1.66577 null
2017 11 12 16 36 19 -8.75016 1.68487 null
2017 11 12 16 36 19 -8.85307 1.69008 null
2017 11 12 16 36 20 -8.85307 1.69008 null
2017 11 12 16 36 20 -8.94387 1.68595 null
2017 11 12 16 36 20 -8.94387 1.68595 null
2017 11 12 16 36 20 -9.02018 1.67586 null
2017 11 12 16 36 20 -9.10784 1.68998 null
2017 11 12 16 36 20 -9.10784 1.68998 null
2017 11 12 16 36 20 -9.22157 1.7464 null
2017 11 12 16 36 20 -9.31555 1.79559 null
2017 11 12 16 36 20 -9.40727 1.85412 null
2017 11 12 16 36 20 -9.40727 1.85412 null
2017 11 12 16 36 21 -9.48894 1.91079 null
2017 11 12 16 36 21 -9.48894 1.91079 null
2017 11 12 16 36 21 -9.58309 1.96214 null
2017 11 12 16 36 21 -9.68277 1.99214 null
2017 11 12 16 36 21 -9.7697 1.98886 null
2017 11 12 16 36 21 -9.85814 1.966 null
2017 11 12 16 36 21 -9.85814 1.966 null
2017 11 12 16 36 21 -9.93945 1.90228 null
2017 11 12 16 36 21 -10.0189 1.84614 null
2017 11 12 16 36 21 -10.0189 1.84614 null
2017 11 12 16 36 22 -10.0848 1.79422 null
2017 11 12 16 36 22 -10.0848 1.79422 null
2017 11 12 16 36 22 -10.1623 1.69569 null
2017 11 12 16 36 22 -10.2515 1.63765 null
2017 11 12 16 36 22 -10.2515 1.63765 null
2017 11 12 16 36 22 -10.2769 1.63424 null
2017 11 12 16 36 22 -10.2769 1.63424 null
2017 11 12 16 36 22 -10.4704 1.51579 null
2017 11 12 16 36 22 -10.4704 1.51579 null
2017 11 12 16 36 22 -10.5174 1.46889 null
2017 11 12 16 36 23 -10.5705 1.41418 null
2017 11 12 16 36 23 -10.5705 1.41418 null
2017 11 12 16 36 23 -10.6138 1.36675 null
2017 11 12 16 36 23 -10.6739 1.30154 null
2017 11 12 16 36 23 -10.6739 1.30154 null
2017 11 12 16 36 23 -10.7231 1.22811 null
2017 11 12 16 36 23 -10.7919 1.12839 null
2017 11 12 16 36 23 -10.7919 1.12839 null
2017 11 12 16 36 23 -10.8486 1.04208 null
2017 11 12 16 36 23 -10.9058 0.959239 null
2017 11 12 16 36 24 -10.946 0.879246 null
2017 11 12 16 36 24 -10.946 0.879246 null
2017 11 12 16 36 24 -10.9886 0.831848 null
2017 11 12 16 36 24 -11.067 0.775596 null
2017 11 12 16 36 24 -11.067 0.775596 null
2017 11 12 16 36 24 -11.1511 0.716906 null
2017 11 12 16 36 24 -11.2695 0.66351 null
2017 11 12 16 36 24 -11.2695 0.66351 null
2017 11 12 16 36 24 -11.3704 0.641178 null
2017 11 12 16 36 24 -11.4689 0.628883 null
2017 11 12 16 36 25 -11.4689 0.628883 null
2017 11 12 16 36 25 -11.5967 0.603813 null
2017 11 12 16 36 25 -11.7099 0.586532 null
2017 11 12 16 36 25 -11.7099 0.586532 null
2017 11 12 16 36 25 -11.8441 0.604976 null
2017 11 12 16 36 25 -11.9541 0.617949 null
2017 11 12 16 36 25 -12.0848 0.669384 null
2017 11 12 16 36 25 -12.0848 0.669384 null
2017 11 12 16 36 25 -12.1868 0.702352 null
2017 11 12 16 36 25 -12.3049 0.727217 null
2017 11 12 16 36 26 -12.3049 0.727217 null
2017 11 12 16 36 26 -12.4185 0.76079 null
2017 11 12 16 36 26 -12.5424 0.829189 null
2017 11 12 16 36 26 -12.5424 0.829189 null
2017 11 12 16 36 26 -12.6609 0.870842 null
2017 11 12 16 36 26 -12.7449 0.941426 null
2017 11 12 16 36 26 -12.7449 0.941426 null
2017 11 12 16 36 26 -12.8357 0.996419 null
2017 11 12 16 36 26 -12.9218 1.05678 null
2017 11 12 16 36 26 -13.0042 1.10502 null
2017 11 12 16 36 27 -13.0042 1.10502 null
2017 11 12 16 36 27 -13.0747 1.11546 null
2017 11 12 16 36 27 -13.1754 1.17076 null
2017 11 12 16 36 27 -13.1754 1.17076 null
2017 11 12 16 36 27 -13.2471 1.16066 null
2017 11 12 16 36 27 -13.3713 1.21473 null
2017 11 12 16 36 27 -13.3713 1.21473 null
2017 11 12 16 36 27 -13.4934 1.23719 null
2017 11 12 16 36 27 -13.4934 1.23719 null
2017 11 12 16 36 27 -13.5768 1.26064 null
2017 11 12 16 36 28 -13.6804 1.3093 null
2017 11 12 16 36 28 -13.7742 1.3691 null
2017 11 12 16 36 28 -13.7742 1.3691 null
2017 11 12 16 36 28 -13.8849 1.39451 null
2017 11 12 16 36 28 -14.0013 1.45494 null
2017 11 12 16 36 28 -14.0912 1.50839 null
2017 11 12 16 36 28 -14.0912 1.50839 null
2017 11 12 16 36 28 -14.1521 1.57869 null
2017 11 12 16 36 28 -14.1521 1.57869 null
2017 11 12 16 36 28 -14.249 1.65094 null
2017 11 12 16 36 29 -14.3609 1.72752 null
2017 11 12 16 36 29 -14.4522 1.78043 null
2017 11 12 16 36 29 -14.4522 1.78043 null
2017 11 12 16 36 29 -14.554 1.84049 null
2017 11 12 16 36 29 -14.6377 1.88876 null
2017 11 12 16 36 29 -14.6377 1.88876 null
2017 11 12 16 36 29 -14.7362 1.95434 null
2017 11 12 16 36 29 -14.828 1.97535 null
2017 11 12 16 36 29 -14.828 1.97535 null
2017 11 12 16 36 29 -14.9188 1.99125 null
2017 11 12 16 36 30 -15.0172 2.00466 null
2017 11 12 16 36 30 -15.0172 2.00466 null
2017 11 12 16 36 30 -15.1332 1.98771 null
2017 11 12 16 36 30 -15.2283 2.01692 null
2017 11 12 16 36 30 -15.3415 2.03337 null
2017 11 12 16 36 30 -15.3415 2.03337 null
2017 11 12 16 36 30 -15.4333 2.09048 null
2017 11 12 16 36 30 -15.4932 2.1684 null
2017 11 12 16 36 30 -15.4932 2.1684 null
2017 11 12 16 36 30 -15.6236 2.233 null
2017 11 12 16 36 31 -15.6236 2.233 null
2017 11 12 16 36 31 -15.7245 2.28638 null
2017 11 12 16 36 31 -15.8125 2.34585 null
2017 11 12 16 36 31 -15.9009 2.35728 null
2017 11 12 16 36 31 -15.8983 2.37264 null
2017 11 12 16 36 31 -15.9808 2.37369 null
2017 11 12 16 36 31 -16.0539 2.39559 null
2017 11 12 16 36 31 -16.1825 2.45728 null
2017 11 12 16 36 31 -16.1825 2.45728 null
2017 11 12 16 36 31 -16.2564 2.4854 null
2017 11 12 16 36 32 -16.4023 2.57437 null
2017 11 12 16 36 32 -16.4023 2.57437 null
2017 11 12 16 36 32 -16.5254 2.65586 null
2017 11 12 16 36 32 -16.6031 2.69563 null
2017 11 12 16 36 32 -16.6031 2.69563 null
2017 11 12 16 36 32 -16.7113 2.72814 null
2017 11 12 16 36 32 -16.7931 2.73034 null
2017 11 12 16 36 32 -16.7931 2.73034 null
2017 11 12 16 36 32 -16.9191 2.74013 null
2017 11 12 16 36 32 -17.0446 2.76529 null
2017 11 12 16 36 33 -17.0446 2.76529 null
2017 11 12 16 36 33 -17.1921 2.80883 null
2017 11 12 16 36 33 -17.2969 2.84411 null
2017 11 12 16 36 33 -17.2969 2.84411 null
2017 11 12 16 36 33 -17.4014 2.89889 null
2017 11 12 16 36 33 -17.4777 2.93148 null
2017 11 12 16 36 33 -17.4777 2.93148 null
2017 11 12 16 36 33 -17.5491 2.94548 null
2017 11 12 16 36 33 -17.611 2.96982 null
2017 11 12 16 36 33 -17.6844 3.00451 null
2017 11 12 16 36 34 -17.6844 3.00451 null
2017 11 12 16 36 34 -17.7842 3.0165 null
2017 11 12 16 36 34 -17.8645 3.04014 null
2017 11 12 16 36 34 -17.8645 3.04014 null
2017 11 12 16 36 34 -17.9895 3.0829 null
2017 11 12 16 36 34 -18.0884 3.1174 null
2017 11 12 16 36 34 -18.0884 3.1174 null
2017 11 12 16 36 34 -18.1948 3.14902 null
2017 11 12 16 36 34 -18.301 3.18263 null
2017 11 12 16 36 34 -18.301 3.18263 null
2017 11 12 16 36 35 -18.3702 3.23286 null
2017 11 12 16 36 35 -18.4459 3.29028 null
2017 11 12 16 36 35 -18.5241 3.35159 null
2017 11 12 16 36 35 -18.5241 3.35159 null
2017 11 12 16 36 35 -18.6012 3.39318 null
2017 11 12 16 36 35 -18.6921 3.44822 null
2017 11 12 16 36 35 -18.6921 3.44822 null
2017 11 12 16 36 35 -18.8035 3.49198 null
2017 11 12 16 36 35 -18.8035 3.49198 null
2017 11 12 16 36 35 -18.9231 3.54852 null
2017 11 12 16 36 36 -19.0579 3.58627 null
2017 11 12 16 36 36 -19.1795 3.61358 null
2017 11 12 16 36 36 -19.1795 3.61358 null
2017 11 12 16 36 36 -19.3135 3.64096 null
2017 11 12 16 36 36 -19.4268 3.67688 null
2017 11 12 16 36 36 -19.4268 3.67688 null
2017 11 12 16 36 36 -19.5204 3.71886 null
2017 11 12 16 36 36 -19.5953 3.753 null
2017 11 12 16 36 36 -19.6826 3.78999 null
2017 11 12 16 36 36 -19.6826 3.78999 null
2017 11 12 16 36 37 -19.7742 3.8235 null
2017 11 12 16 36 37 -19.8583 3.83868 null
2017 11 12 16 36 37 -19.8583 3.83868 null
2017 11 12 16 36 37 -19.9553 3.89723 null
2017 11 12 16 36 37 -20.0536 3.96048 null
2017 11 12 16 36 37 -20.0536 3.96048 null
2017 11 12 16 36 37 -20.1468 4.00251 null
2017 11 12 16 36 37 -20.1955 4.07105 null
2017 11 12 16 36 37 -20.1955 4.07105 null
2017 11 12 16 36 37 -20.2636 4.10866 null
2017 11 12 16 36 38 -20.2636 4.10866 null
2017 11 12 16 36 38 -20.3604 4.10558 null
2017 11 12 16 36 38 -20.3604 4.10558 null
2017 11 12 16 36 38 -20.4524 4.10723 null
2017 11 12 16 36 38 -20.4524 4.10723 null
2017 11 12 16 36 38 -20.5574 4.15002 null
2017 11 12 16 36 38 -20.6856 4.20107 null
2017 11 12 16 36 38 -20.8022 4.26759 null
2017 11 12 16 36 38 -20.8022 4.26759 null
2017 11 12 16 36 38 -20.9037 4.31723 null
2017 11 12 16 36 39 -20.9037 4.31723 null
2017 11 12 16 36 39 -20.975 4.35969 null
2017 11 12 16 36 39 -21.0475 4.40657 null
2017 11 12 16 36 39 -21.1471 4.47044 null
2017 11 12 16 36 39 -21.1471 4.47044 null
2017 11 12 16 36 39 -21.257 4.51082 null
2017 11 12 16 36 39 -21.3634 4.53788 null
2017 11 12 16 36 39 -21.3634 4.53788 null
2017 11 12 16 36 39 -21.4419 4.54954 null
2017 11 12 16 36 39 -21.5528 4.57904 null
2017 11 12 16 36 40 -21.5641 4.57181 null
2017 11 12 16 36 40 -21.5641 4.57181 null
2017 11 12 16 36 40 -21.563 4.57065 null
2017 11 12 16 36 40 -21.5776 4.56253 null
2017 11 12 16 36 40 -21.5776 4.56253 null
2017 11 12 16 36 40 -21.5929 4.57471 null
2017 11 12 16 36 40 -21.5929 4.57471 null
2017 11 12 16 36 40 -21.7062 4.63767 null
2017 11 12 16 36 40 -21.8327 4.68592 null
2017 11 12 16 36 40 -21.9796 4.75236 null
2017 11 12 16 36 41 -21.9796 4.75236 null
2017 11 12 16 36 41 -22.0669 4.77834 null
2017 11 12 16 36 41 -22.1023 4.76113 null
2017 11 12 16 36 41 -22.1023 4.76113 null
2017 11 12 16 36 41 -22.1053 4.73031 null
2017 11 12 16 36 41 -22.055 4.70583 null
2017 11 12 16 36 41 -22.0207 4.64772 null
2017 11 12 16 36 41 -22.0207 4.64772 null
2017 11 12 16 36 41 -22.0083 4.61162 null
2017 11 12 16 36 41 -22.0148 4.61992 null
2017 11 12 16 36 42 -22.0148 4.61992 null
2017 11 12 16 36 42 -22.076 4.63862 null
2017 11 12 16 36 42 -22.1578 4.69403 null
2017 11 12 16 36 42 -22.1578 4.69403 null
2017 11 12 16 36 42 -22.2311 4.74394 null
2017 11 12 16 36 42 -22.3423 4.77737 null
2017 11 12 16 36 42 -22.3423 4.77737 null
2017 11 12 16 36 42 -22.4636 4.81268 null
2017 11 12 16 36 42 -22.6099 4.85045 null
2017 11 12 16 36 42 -22.6099 4.85045 null
2017 11 12 16 36 43 -22.7212 4.87809 null
2017 11 12 16 36 43 -22.8213 4.92541 null
2017 11 12 16 36 43 -22.8213 4.92541 null
2017 11 12 16 36 43 -22.9158 4.97452 null
2017 11 12 16 36 43 -23.0077 5.02149 null
2017 11 12 16 36 43 -23.1118 5.04807 null
2017 11 12 16 36 43 -23.1118 5.04807 null
2017 11 12 16 36 43 -23.2371 5.07075 null
2017 11 12 16 36 43 -23.3438 5.0908 null
2017 11 12 16 36 43 -23.3438 5.0908 null
2017 11 12 16 36 44 -23.3438 5.0908 null
2017 11 12 16 36 44 -23.3438 5.0908 null
2017 11 12 16 36 44 -23.5781 5.12187 null
2017 11 12 16 36 44 -23.6937 5.14318 null
2017 11 12 16 36 44 -23.7938 5.1897 null
2017 11 12 16 36 44 -23.7938 5.1897 null
2017 11 12 16 36 44 -23.8647 5.25437 null
2017 11 12 16 36 44 -23.9648 5.34109 null
2017 11 12 16 36 44 -24.062 5.40308 null
2017 11 12 16 36 44 -24.062 5.40308 null
2017 11 12 16 36 45 -24.1663 5.48799 null
2017 11 12 16 36 45 -24.2639 5.55731 null
2017 11 12 16 36 45 -24.2639 5.55731 null
2017 11 12 16 36 45 -24.3577 5.61623 null
2017 11 12 16 36 45 -24.4523 5.65618 null
2017 11 12 16 36 45 -24.4523 5.65618 null
2017 11 12 16 36 45 -24.5426 5.68472 null
2017 11 12 16 36 45 -24.6186 5.70413 null
2017 11 12 16 36 45 -24.6186 5.70413 null
2017 11 12 16 36 45 -24.7288 5.75981 null
2017 11 12 16 36 46 -24.86 5.8099 null
2017 11 12 16 36 46 -24.86 5.8099 null
2017 11 12 16 36 46 -24.9783 5.87082 null
2017 11 12 16 36 46 -25.1113 5.9326 null
2017 11 12 16 36 46 -25.1113 5.9326 null
2017 11 12 16 36 46 -25.2272 5.99306 null
2017 11 12 16 36 46 -25.3562 6.04325 null
2017 11 12 16 36 46 -25.4611 6.07946 null
2017 11 12 16 36 46 -25.4611 6.07946 null
2017 11 12 16 36 46 -25.4611 6.07946 null
2017 11 12 16 36 47 -25.625 6.11279 null
2017 11 12 16 36 47 -25.625 6.11279 null
2017 11 12 16 36 47 -25.7281 6.14563 null
2017 11 12 16 36 47 -25.7281 6.14563 null
2017 11 12 16 36 47 -25.9473 6.24737 null
2017 11 12 16 36 47 -25.9473 6.24737 null
2017 11 12 16 36 47 -26.0779 6.29681 null
2017 11 12 16 36 47 -26.1985 6.37329 null
2017 11 12 16 36 47 -26.1985 6.37329 null
2017 11 12 16 36 47 -26.327 6.44262 null
2017 11 12 16 36 48 -26.4263 6.46414 null
2017 11 12 16 36 48 -26.4263 6.46414 null
2017 11 12 16 36 48 -26.5382 6.48908 null
2017 11 12 16 36 48 -26.6371 6.51405 null
2017 11 12 16 36 48 -26.6371 6.51405 null
2017 11 12 16 36 48 -26.7541 6.53642 null
2017 11 12 16 36 48 -26.864 6.55926 null
2017 11 12 16 36 48 -26.864 6.55926 null
2017 11 12 16 36 48 -26.864 6.55926 null
2017 11 12 16 36 48 -26.864 6.55926 null
2017 11 12 16 36 49 -27.0537 6.62744 null
2017 11 12 16 36 49 -27.1569 6.6612 null
2017 11 12 16 36 49 -27.2903 6.7042 null
2017 11 12 16 36 49 -27.2903 6.7042 null
2017 11 12 16 36 49 -27.3659 6.72258 null
2017 11 12 16 36 49 -27.4608 6.7651 null
2017 11 12 16 36 49 -27.5465 6.82191 null
2017 11 12 16 36 49 -27.5465 6.82191 null
2017 11 12 16 36 49 -27.6348 6.90214 null
2017 11 12 16 36 49 -27.6806 6.95588 null
2017 11 12 16 36 50 -27.6806 6.95588 null
2017 11 12 16 36 50 -27.7782 7.03897 null
2017 11 12 16 36 50 -27.7782 7.03897 null
2017 11 12 16 36 50 -27.8772 7.11117 null
2017 11 12 16 36 50 -27.9746 7.16702 null
2017 11 12 16 36 50 -28.0585 7.22309 null
2017 11 12 16 36 50 -28.0585 7.22309 null
2017 11 12 16 36 50 -28.1342 7.27595 null
2017 11 12 16 36 50 -28.2195 7.32291 null
2017 11 12 16 36 50 -28.2195 7.32291 null
2017 11 12 16 36 51 -28.2961 7.36907 null
2017 11 12 16 36 51 -28.2961 7.36907 null
2017 11 12 16 36 51 -28.5181 7.45894 null
2017 11 12 16 36 51 -28.5181 7.45894 null
2017 11 12 16 36 51 -28.616 7.48548 null
2017 11 12 16 36 51 -28.616 7.48548 null
2017 11 12 16 36 51 -28.7115 7.52771 null
2017 11 12 16 36 51 -28.8018 7.56137 null
2017 11 12 16 36 51 -28.9235 7.60747 null
2017 11 12 16 36 51 -28.9235 7.60747 null
2017 11 12 16 36 52 -29.004 7.65829 null
2017 11 12 16 36 52 -29.0855 7.71726 null
2017 11 12 16 36 52 -29.0855 7.71726 null
2017 11 12 16 36 52 -29.0855 7.71726 null
2017 11 12 16 36 52 -29.2855 7.85396 null
2017 11 12 16 36 52 -29.2855 7.85396 null
2017 11 12 16 36 52 -29.3965 7.90008 null
2017 11 12 16 36 52 -29.5024 7.94171 null
2017 11 12 16 36 52 -29.5024 7.94171 null
2017 11 12 16 36 52 -29.5904 7.97603 null
2017 11 12 16 36 53 -29.6932 8.03701 null
2017 11 12 16 36 53 -29.7677 8.08271 null
2017 11 12 16 36 53 -29.7677 8.08271 null
2017 11 12 16 36 53 -29.7677 8.08271 null
2017 11 12 16 36 53 -29.981 8.16629 null
2017 11 12 16 36 53 -29.981 8.16629 null
2017 11 12 16 36 53 -30.0669 8.21063 null
2017 11 12 16 36 53 -30.2106 8.24796 null
2017 11 12 16 36 53 -30.2106 8.24796 null
2017 11 12 16 36 53 -30.3115 8.30773 null
2017 11 12 16 36 54 -30.4578 8.32954 null
2017 11 12 16 36 54 -30.4578 8.32954 null
2017 11 12 16 36 54 -30.5752 8.34818 null
2017 11 12 16 36 54 -30.6927 8.37598 null
2017 11 12 16 36 54 -30.8262 8.37402 null
2017 11 12 16 36 54 -30.8262 8.37402 null
2017 11 12 16 36 54 -30.9337 8.40836 null
2017 11 12 16 36 54 -31.024 8.41668 null
2017 11 12 16 36 54 -31.024 8.41668 null
2017 11 12 16 36 54 -31.0971 8.45892 null
2017 11 12 16 36 55 -31.1889 8.47959 null
2017 11 12 16 36 55 -31.1889 8.47959 null
2017 11 12 16 36 55 -31.3164 8.5375 null
2017 11 12 16 36 55 -31.4378 8.59194 null
2017 11 12 16 36 55 -31.4378 8.59194 null
2017 11 12 16 36 55 -31.5542 8.64278 null
2017 11 12 16 36 55 -31.6555 8.71632 null
2017 11 12 16 36 55 -31.7551 8.78846 null
2017 11 12 16 36 55 -31.7551 8.78846 null
2017 11 12 16 36 55 -31.8688 8.82288 null
2017 11 12 16 36 56 -31.9846 8.86725 null
2017 11 12 16 36 56 -31.9846 8.86725 null
2017 11 12 16 36 56 -32.1087 8.9009 null
2017 11 12 16 36 56 -32.2428 8.9164 null
2017 11 12 16 36 56 -32.2428 8.9164 null
2017 11 12 16 36 56 -32.4093 8.98614 null
2017 11 12 16 36 56 -32.5245 9.02806 null
2017 11 12 16 36 56 -32.5245 9.02806 null
2017 11 12 16 36 56 -32.5785 9.01666 null
2017 11 12 16 36 56 -32.6617 9.09996 null
2017 11 12 16 36 57 -32.7323 9.111 null
2017 11 12 16 36 57 -32.7323 9.111 null
2017 11 12 16 36 57 -32.8098 9.15047 null
2017 11 12 16 36 57 -32.8098 9.15047 null
2017 11 12 16 36 57 -32.8896 9.18534 null
2017 11 12 16 36 57 -33.0105 9.25151 null
2017 11 12 16 36 57 -33.0105 9.25151 null
2017 11 12 16 36 57 -33.1486 9.27241 null
2017 11 12 16 36 57 -33.2359 9.30214 null
2017 11 12 16 36 57 -33.3407 9.35769 null
2017 11 12 16 36 58 -33.3407 9.35769 null
2017 11 12 16 36 58 -33.4399 9.41777 null
2017 11 12 16 36 58 -33.5209 9.50576 null
2017 11 12 16 36 58 -33.5209 9.50576 null
2017 11 12 16 36 58 -33.5821 9.57125 null
2017 11 12 16 36 58 -33.6631 9.61651 null
2017 11 12 16 36 58 -33.6631 9.61651 null
2017 11 12 16 36 58 -33.7662 9.65023 null
2017 11 12 16 36 58 -33.8807 9.69356 null
2017 11 12 16 36 58 -33.8807 9.69356 null
2017 11 12 16 36 59 -34.0154 9.744 null
2017 11 12 16 36 59 -34.1188 9.77335 null
2017 11 12 16 36 59 -34.1188 9.77335 null
2017 11 12 16 36 59 -34.2532 9.84783 null
2017 11 12 16 36 59 -34.3699 9.91204 null
2017 11 12 16 36 59 -34.4686 9.98061 null
2017 11 12 16 36 59 -34.4686 9.98061 null
2017 11 12 16 36 59 -34.5617 10.0406 null
2017 11 12 16 36 59 -34.6712 10.0916 null
2017 11 12 16 36 59 -34.6712 10.0916 null
2017 11 12 16 37 00 -34.7751 10.1481 null
2017 11 12 16 37 00 -34.8718 10.1963 null
2017 11 12 16 37 00 -34.8718 10.1963 null
2017 11 12 16 37 00 -34.8718 10.1963 null
2017 11 12 16 37 00 -35.0864 10.2785 null
2017 11 12 16 37 00 -35.0864 10.2785 null
2017 11 12 16 37 00 -35.205 10.3354 null
2017 11 12 16 37 00 -35.2862 10.3732 null
2017 11 12 16 37 00 -35.3923 10.4418 null
2017 11 12 16 37 00 -35.3923 10.4418 null
2017 11 12 16 37 01 -35.4845 10.5235 null
2017 11 12 16 37 01 -35.5782 10.5935 null
2017 11 12 16 37 01 -35.5782 10.5935 null
2017 11 12 16 37 01 -35.6869 10.6549 null
2017 11 12 16 37 01 -35.784 10.7334 null
2017 11 12 16 37 01 -35.784 10.7334 null
2017 11 12 16 37 01 -35.9219 10.7979 null
2017 11 12 16 37 01 -36.0274 10.8558 null
2017 11 12 16 37 01 -36.0274 10.8558 null
2017 11 12 16 37 01 -36.1532 10.9088 null
2017 11 12 16 37 02 -36.2603 10.9423 null
2017 11 12 16 37 02 -36.4016 10.9773 null
2017 11 12 16 37 02 -36.4016 10.9773 null
2017 11 12 16 37 02 -36.5157 11.0115 null
2017 11 12 16 37 02 -36.6347 11.0614 null
2017 11 12 16 37 02 -36.6347 11.0614 null
2017 11 12 16 37 02 -36.7435 11.1223 null
2017 11 12 16 37 02 -36.8529 11.1523 null
2017 11 12 16 37 02 -36.8529 11.1523 null
2017 11 12 16 37 02 -36.9608 11.2023 null
2017 11 12 16 37 03 -37.0601 11.2253 null
2017 11 12 16 37 03 -37.0601 11.2253 null
2017 11 12 16 37 03 -37.0601 11.2253 null
2017 11 12 16 37 03 -37.2977 11.3252 null
2017 11 12 16 37 03 -37.2977 11.3252 null
2017 11 12 16 37 03 -37.4188 11.4071 null
2017 11 12 16 37 03 -37.5116 11.4833 null
2017 11 12 16 37 03 -37.5116 11.4833 null
2017 11 12 16 37 03 -37.6202 11.5587 null
2017 11 12 16 37 03 -37.7146 11.6158 null
2017 11 12 16 37 04 -37.8019 11.6785 null
2017 11 12 16 37 04 -37.8019 11.6785 null
2017 11 12 16 37 04 -37.8973 11.6866 null
2017 11 12 16 37 04 -37.9978 11.6904 null
2017 11 12 16 37 04 -37.9978 11.6904 null
2017 11 12 16 37 04 -38.0773 11.7278 null
2017 11 12 16 37 04 -38.182 11.7759 null
2017 11 12 16 37 04 -38.2884 11.8019 null
2017 11 12 16 37 04 -38.2884 11.8019 null
2017 11 12 16 37 04 -38.4053 11.8631 null
2017 11 12 16 37 05 -38.4053 11.8631 null
2017 11 12 16 37 05 -38.4799 11.9119 null
2017 11 12 16 37 05 -38.5736 11.9674 null
2017 11 12 16 37 05 -38.6904 12.0225 null
2017 11 12 16 37 05 -38.6904 12.0225 null
2017 11 12 16 37 05 -38.6904 12.0225 null
2017 11 12 16 37 05 -38.9233 12.1119 null
2017 11 12 16 37 05 -38.9233 12.1119 null
2017 11 12 16 37 05 -39.0164 12.1569 null
2017 11 12 16 37 05 -39.0164 12.1569 null
2017 11 12 16 37 06 -39.2325 12.2438 null
2017 11 12 16 37 06 -39.2325 12.2438 null
2017 11 12 16 37 06 -39.3267 12.3022 null
2017 11 12 16 37 06 -39.3267 12.3022 null
2017 11 12 16 37 06 -39.3956 12.3799 null
2017 11 12 16 37 06 -39.5048 12.4502 null
2017 11 12 16 37 06 -39.5048 12.4502 null
2017 11 12 16 37 06 -39.5878 12.5019 null
2017 11 12 16 37 06 -39.6801 12.4928 null
2017 11 12 16 37 06 -39.6801 12.4928 null
2017 11 12 16 37 07 -39.8202 12.549 null
2017 11 12 16 37 07 -39.9177 12.5814 null
2017 11 12 16 37 07 -40.03 12.6158 null
2017 11 12 16 37 07 -40.03 12.6158 null
2017 11 12 16 37 07 -40.03 12.6158 null
2017 11 12 16 37 07 -40.221 12.6766 null
2017 11 12 16 37 07 -40.221 12.6766 null
2017 11 12 16 37 07 -40.3244 12.7411 null
2017 11 12 16 37 07 -40.4147 12.8055 null
2017 11 12 16 37 07 -40.504 12.8642 null
2017 11 12 16 37 08 -40.504 12.8642 null
2017 11 12 16 37 08 -40.5982 12.9394 null
2017 11 12 16 37 08 -40.5982 12.9394 null
2017 11 12 16 37 08 -40.6703 12.9957 null
2017 11 12 16 37 08 -40.7712 13.0494 null
2017 11 12 16 37 08 -40.7712 13.0494 null
2017 11 12 16 37 08 -40.8668 13.0929 null
2017 11 12 16 37 08 -40.9565 13.1461 null
2017 11 12 16 37 08 -41.0607 13.2087 null
2017 11 12 16 37 08 -41.0607 13.2087 null
2017 11 12 16 37 09 -41.1347 13.2799 null
2017 11 12 16 37 09 -41.227 13.3405 null
2017 11 12 16 37 09 -41.227 13.3405 null
2017 11 12 16 37 09 -41.3073 13.37 null
2017 11 12 16 37 09 -41.3925 13.4142 null
2017 11 12 16 37 09 -41.4908 13.4582 null
2017 11 12 16 37 09 -41.4908 13.4582 null
2017 11 12 16 37 09 -41.6114 13.465 null
2017 11 12 16 37 09 -41.6114 13.465 null
2017 11 12 16 37 09 -41.6844 13.5316 null
2017 11 12 16 37 10 -41.8049 13.5868 null
2017 11 12 16 37 10 -41.8049 13.5868 null
2017 11 12 16 37 10 -41.9091 13.6331 null
2017 11 12 16 37 10 -41.9735 13.7043 null
2017 11 12 16 37 10 -41.9735 13.7043 null
2017 11 12 16 37 10 -42.1491 13.823 null
2017 11 12 16 37 10 -42.1491 13.823 null
2017 11 12 16 37 10 -42.2412 13.8877 null
2017 11 12 16 37 10 -42.2412 13.8877 null
2017 11 12 16 37 10 -42.3127 13.9486 null
2017 11 12 16 37 11 -42.4335 13.9884 null
2017 11 12 16 37 11 -42.4335 13.9884 null
2017 11 12 16 37 11 -42.5684 14.0427 null
2017 11 12 16 37 11 -42.7058 14.0946 null
2017 11 12 16 37 11 -42.7058 14.0946 null
2017 11 12 16 37 11 -42.8106 14.164 null
2017 11 12 16 37 11 -42.902 14.2225 null
2017 11 12 16 37 11 -42.902 14.2225 null
2017 11 12 16 37 11 -43.0052 14.2899 null
2017 11 12 16 37 11 -43.0902 14.3451 null
2017 11 12 16 37 12 -43.0902 14.3451 null
2017 11 12 16 37 12 -43.175 14.4156 null
2017 11 12 16 37 12 -43.27 14.4911 null
2017 11 12 16 37 12 -43.3537 14.5622 null
2017 11 12 16 37 12 -43.3537 14.5622 null
2017 11 12 16 37 12 -43.45 14.6259 null
2017 11 12 16 37 12 -43.5352 14.6826 null
2017 11 12 16 37 12 -43.5352 14.6826 null
2017 11 12 16 37 12 -43.6166 14.73 null
2017 11 12 16 37 12 -43.7111 14.7813 null
2017 11 12 16 37 13 -43.7111 14.7813 null
2017 11 12 16 37 13 -43.8043 14.83 null
2017 11 12 16 37 13 -43.8043 14.83 null
2017 11 12 16 37 13 -43.8043 14.83 null
2017 11 12 16 37 13 -44.0156 14.94 null
2017 11 12 16 37 13 -44.1162 14.9892 null
2017 11 12 16 37 13 -44.1162 14.9892 null
2017 11 12 16 37 13 -44.2204 15.0232 null
2017 11 12 16 37 13 -44.338 15.0646 null
2017 11 12 16 37 13 -44.4495 15.1007 null
2017 11 12 16 37 14 -44.4495 15.1007 null
2017 11 12 16 37 14 -44.5406 15.1751 null
2017 11 12 16 37 14 -44.6732 15.2161 null
2017 11 12 16 37 14 -44.7829 15.2842 null
2017 11 12 16 37 14 -44.7829 15.2842 null
2017 11 12 16 37 14 -44.8726 15.3459 null
2017 11 12 16 37 14 -44.9376 15.416 null
2017 11 12 16 37 14 -44.9376 15.416 null
2017 11 12 16 37 14 -45.0544 15.4917 null
2017 11 12 16 37 14 -45.0544 15.4917 null
2017 11 12 16 37 15 -45.1387 15.5479 null
2017 11 12 16 37 15 -45.2267 15.6174 null
2017 11 12 16 37 15 -45.3325 15.6523 null
2017 11 12 16 37 15 -45.3325 15.6523 null
2017 11 12 16 37 15 -45.4098 15.7026 null
2017 11 12 16 37 15 -45.5181 15.7456 null
2017 11 12 16 37 15 -45.5181 15.7456 null
2017 11 12 16 37 15 -45.6596 15.7843 null
2017 11 12 16 37 15 -45.764 15.8451 null
2017 11 12 16 37 15 -45.764 15.8451 null
2017 11 12 16 37 16 -45.8813 15.895 null
2017 11 12 16 37 16 -45.9864 15.9291 null
2017 11 12 16 37 16 -46.0999 16.0006 null
2017 11 12 16 37 16 -46.0999 16.0006 null
2017 11 12 16 37 16 -46.2156 16.0284 null
2017 11 12 16 37 16 -46.316 16.0334 null
2017 11 12 16 37 16 -46.316 16.0334 null
2017 11 12 16 37 16 -46.4472 16.041 null
2017 11 12 16 37 16 -46.4472 16.041 null
2017 11 12 16 37 16 -46.5733 16.06 null
2017 11 12 16 37 17 -46.6682 16.1098 null
2017 11 12 16 37 17 -46.7879 16.1342 null
2017 11 12 16 37 17 -46.7879 16.1342 null
2017 11 12 16 37 17 -46.8619 16.1769 null
2017 11 12 16 37 17 -46.9392 16.2581 null
2017 11 12 16 37 17 -47.0429 16.2924 null
2017 11 12 16 37 17 -47.0429 16.2924 null
2017 11 12 16 37 17 -47.1582 16.3742 null
2017 11 12 16 37 17 -47.2606 16.4087 null
2017 11 12 16 37 17 -47.2606 16.4087 null
2017 11 12 16 37 18 -47.3854 16.4603 null
2017 11 12 16 37 18 -47.4848 16.5034 null
2017 11 12 16 37 18 -47.4848 16.5034 null
2017 11 12 16 37 18 -47.5738 16.5709 null
2017 11 12 16 37 18 -47.6769 16.5942 null
2017 11 12 16 37 18 -47.6769 16.5942 null
2017 11 12 16 37 18 -47.7597 16.6233 null
2017 11 12 16 37 18 -47.7597 16.6233 null
2017 11 12 16 37 18 -47.8441 16.6631 null
2017 11 12 16 37 18 -47.953 16.687 null
2017 11 12 16 37 19 -48.0516 16.7475 null
2017 11 12 16 37 19 -48.1822 16.7921 null
2017 11 12 16 37 19 -48.1822 16.7921 null
2017 11 12 16 37 19 -48.308 16.8382 null
2017 11 12 16 37 19 -48.4219 16.877 null
2017 11 12 16 37 19 -48.4219 16.877 null
2017 11 12 16 37 19 -48.5457 16.9461 null
2017 11 12 16 37 19 -48.6514 16.9845 null
2017 11 12 16 37 19 -48.6514 16.9845 null
2017 11 12 16 37 19 -48.763 17.027 null
2017 11 12 16 37 20 -48.8645 17.0727 null
2017 11 12 16 37 20 -48.9744 17.0976 null
2017 11 12 16 37 20 -48.9744 17.0976 null
2017 11 12 16 37 20 -49.0587 17.1615 null
2017 11 12 16 37 20 -49.0587 17.1615 null
2017 11 12 16 37 20 -49.1455 17.1972 null
2017 11 12 16 37 20 -49.2399 17.2248 null
2017 11 12 16 37 20 -49.2399 17.2248 null
2017 11 12 16 37 20 -49.3338 17.2619 null
2017 11 12 16 37 20 -49.4342 17.3315 null
2017 11 12 16 37 21 -49.5517 17.4159 null
2017 11 12 16 37 21 -49.5517 17.4159 null
2017 11 12 16 37 21 -49.6679 17.5268 null
2017 11 12 16 37 21 -49.7486 17.6071 null
2017 11 12 16 37 21 -49.7486 17.6071 null
2017 11 12 16 37 21 -49.7486 17.6071 null
2017 11 12 16 37 21 -49.9372 17.7571 null
2017 11 12 16 37 21 -49.9372 17.7571 null
2017 11 12 16 37 21 -50.0518 17.8043 null
2017 11 12 16 37 21 -50.1374 17.844 null
2017 11 12 16 37 22 -50.1374 17.844 null
2017 11 12 16 37 22 -50.2182 17.8856 null
2017 11 12 16 37 22 -50.2598 17.9412 null
2017 11 12 16 37 22 -50.3248 18.0328 null
2017 11 12 16 37 22 -50.3248 18.0328 null
2017 11 12 16 37 22 -50.3835 18.1158 null
2017 11 12 16 37 22 -50.3835 18.1158 null
2017 11 12 16 37 22 -50.4232 18.1901 null
2017 11 12 16 37 22 -50.4834 18.2586 null
2017 11 12 16 37 22 -50.5288 18.3202 null
2017 11 12 16 37 23 -50.5288 18.3202 null
2017 11 12 16 37 23 -50.5401 18.3773 null
2017 11 12 16 37 23 -50.5527 18.4245 null
2017 11 12 16 37 23 -50.5527 18.4245 null
2017 11 12 16 37 23 -50.5704 18.4864 null
2017 11 12 16 37 23 -50.5872 18.532 null
2017 11 12 16 37 23 -50.5872 18.532 null
2017 11 12 16 37 23 -50.5705 18.5698 null
2017 11 12 16 37 23 -50.5251 18.6393 null
2017 11 12 16 37 23 -50.4565 18.7097 null
2017 11 12 16 37 24 -50.4565 18.7097 null
2017 11 12 16 37 24 -50.3783 18.7702 null
2017 11 12 16 37 24 -50.2975 18.8077 null
2017 11 12 16 37 24 -50.2975 18.8077 null
2017 11 12 16 37 24 -50.2174 18.8307 null
2017 11 12 16 37 24 -50.2174 18.8307 null
2017 11 12 16 37 24 -50.1461 18.8297 null
2017 11 12 16 37 24 -50.0683 18.8292 null
2017 11 12 16 37 24 -50.0368 18.8187 null
2017 11 12 16 37 24 -50.0368 18.8187 null
2017 11 12 16 37 25 -49.9881 18.7967 null
2017 11 12 16 37 25 -49.9034 18.7328 null
2017 11 12 16 37 25 -49.8257 18.6536 null
2017 11 12 16 37 25 -49.8257 18.6536 null
2017 11 12 16 37 25 -49.7334 18.5657 null
2017 11 12 16 37 25 -49.7334 18.5657 null
2017 11 12 16 37 25 -49.668 18.4933 null
2017 11 12 16 37 25 -49.6219 18.434 null
2017 11 12 16 37 25 -49.5671 18.3996 null
2017 11 12 16 37 25 -49.5671 18.3996 null
2017 11 12 16 37 26 -49.4769 18.3566 null
2017 11 12 16 37 26 -49.3653 18.3172 null
2017 11 12 16 37 26 -49.3653 18.3172 null
2017 11 12 16 37 26 -49.258 18.2903 null
2017 11 12 16 37 26 -49.1571 18.2583 null
2017 11 12 16 37 26 -49.1571 18.2583 null
2017 11 12 16 37 26 -49.0394 18.1749 null
2017 11 12 16 37 26 -48.9041 18.0998 null
2017 11 12 16 37 26 -48.9041 18.0998 null
2017 11 12 16 37 26 -48.7862 18.0447 null
2017 11 12 16 37 27 -48.7022 17.9983 null
2017 11 12 16 37 27 -48.6268 17.973 null
2017 11 12 16 37 27 -48.6268 17.973 null
2017 11 12 16 37 27 -48.5537 17.9951 null
2017 11 12 16 37 27 -48.4597 17.9868 null
2017 11 12 16 37 27 -48.4597 17.9868 null
2017 11 12 16 37 27 -48.3602 17.9859 null
2017 11 12 16 37 27 -48.2611 18.0042 null
2017 11 12 16 37 27 -48.2611 18.0042 null
2017 11 12 16 37 27 -48.1949 18.0733 null
2017 11 12 16 37 28 -48.1306 18.09 null
2017 11 12 16 37 28 -48.1306 18.09 null
2017 11 12 16 37 28 -48.0474 18.1419 null
2017 11 12 16 37 28 -47.9941 18.1973 null
2017 11 12 16 37 28 -47.9941 18.1973 null
2017 11 12 16 37 28 -47.945 18.2347 null
2017 11 12 16 37 28 -47.9086 18.2722 null
2017 11 12 16 37 28 -47.9086 18.2722 null
2017 11 12 16 37 28 -47.9071 18.3242 null
2017 11 12 16 37 28 -47.9041 18.378 null
2017 11 12 16 37 29 -47.8625 18.5298 null
2017 11 12 16 37 29 -47.8625 18.5298 null
2017 11 12 16 37 29 -47.863 18.5985 null
2017 11 12 16 37 29 -47.8624 18.6633 null
2017 11 12 16 37 29 -47.8624 18.6633 null
2017 11 12 16 37 29 -47.8707 18.7431 null
2017 11 12 16 37 29 -47.8762 18.8251 null
2017 11 12 16 37 29 -47.8929 18.8772 null
2017 11 12 16 37 29 -47.8929 18.8772 null
2017 11 12 16 37 29 -47.9016 18.9687 null
2017 11 12 16 37 30 -47.9016 18.9687 null
2017 11 12 16 37 30 -47.917 19.0794 null
2017 11 12 16 37 30 -47.9548 19.1719 null
2017 11 12 16 37 30 -48.0209 19.2047 null
2017 11 12 16 37 30 -48.0209 19.2047 null
2017 11 12 16 37 30 -48.1336 19.3214 null
2017 11 12 16 37 30 -48.1336 19.3214 null
2017 11 12 16 37 30 -48.2093 19.3846 null
2017 11 12 16 37 30 -48.2844 19.4495 null
2017 11 12 16 37 30 -48.3798 19.4824 null
2017 11 12 16 37 31 -48.3798 19.4824 null
2017 11 12 16 37 31 -48.4786 19.4879 null
2017 11 12 16 37 31 -48.505 19.5987 null
2017 11 12 16 37 31 -48.505 19.5987 null
2017 11 12 16 37 31 -48.5863 19.6314 null
2017 11 12 16 37 31 -48.6798 19.6979 null
2017 11 12 16 37 31 -48.6798 19.6979 null
2017 11 12 16 37 31 -48.777 19.7873 null
2017 11 12 16 37 31 -48.8438 19.8583 null
2017 11 12 16 37 31 -48.8438 19.8583 null
2017 11 12 16 37 32 -48.8833 19.9416 null
2017 11 12 16 37 32 -48.9591 20.0314 null
2017 11 12 16 37 32 -49.0251 20.1049 null
2017 11 12 16 37 32 -49.0251 20.1049 null
2017 11 12 16 37 32 -49.087 20.1338 null
2017 11 12 16 37 32 -49.1379 20.1716 null
2017 11 12 16 37 32 -49.1379 20.1716 null
2017 11 12 16 37 32 -49.1795 20.2479 null
2017 11 12 16 37 32 -49.2668 20.3307 null
2017 11 12 16 37 32 -49.2668 20.3307 null
2017 11 12 16 37 33 -49.3527 20.449 null
2017 11 12 16 37 33 -49.4059 20.5303 null
2017 11 12 16 37 33 -49.4059 20.5303 null
2017 11 12 16 37 33 -49.3985 20.632 null
2017 11 12 16 37 33 -49.3642 20.7364 null
2017 11 12 16 37 33 -49.3327 20.8397 null
2017 11 12 16 37 33 -49.3327 20.8397 null
2017 11 12 16 37 33 -49.3383 20.9066 null
2017 11 12 16 37 33 -49.3144 20.9842 null
2017 11 12 16 37 33 -49.3144 20.9842 null
2017 11 12 16 37 34 -49.3135 21.109 null
2017 11 12 16 37 34 -49.3252 21.2034 null
2017 11 12 16 37 34 -49.3252 21.2034 null
2017 11 12 16 37 34 -49.2946 21.3325 null
2017 11 12 16 37 34 -49.2814 21.4143 null
2017 11 12 16 37 34 -49.2814 21.4143 null
2017 11 12 16 37 34 -49.2411 21.5186 null
2017 11 12 16 37 34 -49.178 21.6254 null
2017 11 12 16 37 34 -49.1283 21.7019 null
2017 11 12 16 37 34 -49.1283 21.7019 null
2017 11 12 16 37 35 -49.1031 21.7838 null
2017 11 12 16 37 35 -49.1031 21.7838 null
2017 11 12 16 37 35 -49.0648 21.8498 null
2017 11 12 16 37 35 -49.0575 21.9076 null
2017 11 12 16 37 35 -49.0017 22.0223 null
2017 11 12 16 37 35 -49.0017 22.0223 null
2017 11 12 16 37 35 -48.9825 22.1499 null
2017 11 12 16 37 35 -48.9327 22.2756 null
2017 11 12 16 37 35 -48.9327 22.2756 null
2017 11 12 16 37 35 -48.8764 22.3936 null
2017 11 12 16 37 36 -48.7855 22.468 null
2017 11 12 16 37 36 -48.7855 22.468 null
2017 11 12 16 37 36 -48.7006 22.5394 null
2017 11 12 16 37 36 -48.6231 22.6145 null
2017 11 12 16 37 36 -48.6231 22.6145 null
2017 11 12 16 37 36 -48.551 22.7056 null
2017 11 12 16 37 36 -48.5071 22.7636 null
2017 11 12 16 37 36 -48.5071 22.7636 null
2017 11 12 16 37 36 -48.4346 22.8417 null
2017 11 12 16 37 36 -48.3812 22.9469 null
2017 11 12 16 37 37 -48.3519 23.0076 null
2017 11 12 16 37 37 -48.3519 23.0076 null
2017 11 12 16 37 37 -48.2816 23.0966 null
2017 11 12 16 37 37 -48.2301 23.2275 null
2017 11 12 16 37 37 -48.1999 23.2863 null
2017 11 12 16 37 37 -48.1999 23.2863 null
2017 11 12 16 37 37 -48.2443 23.2814 null
2017 11 12 16 37 37 -48.1454 23.4271 null
2017 11 12 16 37 37 -48.1454 23.4271 null
2017 11 12 16 37 37 -48.0828 23.576 null
2017 11 12 16 37 38 -48.0165 23.6654 null
2017 11 12 16 37 38 -48.0165 23.6654 null
2017 11 12 16 37 38 -47.9448 23.7354 null
2017 11 12 16 37 38 -47.8642 23.8415 null
2017 11 12 16 37 38 -47.8642 23.8415 null
2017 11 12 16 37 38 -47.793 23.9254 null
2017 11 12 16 37 38 -47.793 23.9254 null
2017 11 12 16 37 38 -47.6436 24.0828 null
2017 11 12 16 37 38 -47.6436 24.0828 null
2017 11 12 16 37 38 -47.5326 24.1962 null
2017 11 12 16 37 39 -47.5326 24.1962 null
2017 11 12 16 37 39 -47.4266 24.289 null
2017 11 12 16 37 39 -47.3428 24.2715 null
2017 11 12 16 37 39 -47.3428 24.2715 null
2017 11 12 16 37 39 -47.2685 24.3116 null
2017 11 12 16 37 39 -47.1713 24.3595 null
2017 11 12 16 37 39 -47.099 24.4212 null
2017 11 12 16 37 39 -47.099 24.4212 null
2017 11 12 16 37 39 -47.0063 24.4965 null
2017 11 12 16 37 39 -46.893 24.5344 null
2017 11 12 16 37 40 -46.893 24.5344 null
2017 11 12 16 37 40 -46.7608 24.5863 null
2017 11 12 16 37 40 -46.6817 24.5461 null
2017 11 12 16 37 40 -46.6817 24.5461 null
2017 11 12 16 37 40 -46.609 24.5037 null
2017 11 12 16 37 40 -46.5114 24.4618 null
2017 11 12 16 37 40 -46.5114 24.4618 null
2017 11 12 16 37 40 -46.4174 24.4244 null
2017 11 12 16 37 40 -46.3601 24.3338 null
2017 11 12 16 37 40 -46.2672 24.2714 null
2017 11 12 16 37 41 -46.2672 24.2714 null
2017 11 12 16 37 41 -46.1614 24.1947 null
2017 11 12 16 37 41 -46.1614 24.1947 null
2017 11 12 16 37 41 -46.0591 24.0963 null
2017 11 12 16 37 41 -45.9781 24.0285 null
2017 11 12 16 37 41 -45.9293 23.9665 null
2017 11 12 16 37 41 -45.9293 23.9665 null
2017 11 12 16 37 41 -45.87 23.8795 null
2017 11 12 16 37 41 -45.8046 23.7799 null
2017 11 12 16 37 41 -45.7196 23.7366 null
2017 11 12 16 37 42 -45.7196 23.7366 null
2017 11 12 16 37 42 -45.6558 23.695 null
2017 11 12 16 37 42 -45.6558 23.695 null
2017 11 12 16 37 42 -45.5791 23.6539 null
2017 11 12 16 37 42 -45.5119 23.5729 null
2017 11 12 16 37 42 -45.4286 23.5124 null
2017 11 12 16 37 42 -45.4286 23.5124 null
2017 11 12 16 37 42 -45.3945 23.4294 null
2017 11 12 16 37 42 -45.3733 23.3304 null
2017 11 12 16 37 42 -45.3733 23.3304 null
2017 11 12 16 37 43 -45.3909 23.2367 null
2017 11 12 16 37 43 -45.4057 23.13 null
2017 11 12 16 37 43 -45.4057 23.13 null
2017 11 12 16 37 43 -45.4249 23.0084 null
2017 11 12 16 37 43 -45.3919 22.9007 null
2017 11 12 16 37 43 -45.3866 22.8071 null
2017 11 12 16 37 43 -45.3866 22.8071 null
2017 11 12 16 37 43 -45.374 22.7183 null
2017 11 12 16 37 43 -45.374 22.7183 null
2017 11 12 16 37 43 -45.3665 22.618 null
2017 11 12 16 37 44 -45.3593 22.5249 null
2017 11 12 16 37 44 -45.3593 22.5249 null
2017 11 12 16 37 44 -45.3992 22.4266 null
2017 11 12 16 37 44 -45.4316 22.3403 null
2017 11 12 16 37 44 -45.4597 22.2831 null
2017 11 12 16 37 44 -45.4597 22.2831 null
2017 11 12 16 37 44 -45.5007 22.2467 null
2017 11 12 16 37 44 -45.5586 22.1816 null
2017 11 12 16 37 44 -45.5586 22.1816 null
2017 11 12 16 37 44 -45.5819 22.123 null
2017 11 12 16 37 45 -45.5922 22.0988 null
2017 11 12 16 37 45 -45.5922 22.0988 null
2017 11 12 16 37 45 -45.603 22.0574 null
2017 11 12 16 37 45 -45.6219 22.0178 null
2017 11 12 16 37 45 -45.643 22.0242 null
2017 11 12 16 37 45 -45.643 22.0242 null
2017 11 12 16 37 45 -45.6538 22.0304 null
2017 11 12 16 37 45 -45.6973 21.9972 null
2017 11 12 16 37 45 -45.6973 21.9972 null
2017 11 12 16 37 45 -45.7194 21.9882 null
2017 11 12 16 37 46 -45.7292 21.9821 null
2017 11 12 16 37 46 -45.7292 21.9821 null
2017 11 12 16 37 46 -45.7292 21.9449 null
2017 11 12 16 37 46 -45.7302 21.9186 null
2017 11 12 16 37 46 -45.7302 21.9186 null
2017 11 12 16 37 46 -45.734 21.8967 null
2017 11 12 16 37 46 -45.7634 21.8513 null
2017 11 12 16 37 46 -45.756 21.8037 null
2017 11 12 16 37 46 -45.756 21.8037 null
2017 11 12 16 37 46 -45.7766 21.771 null
2017 11 12 16 37 47 -45.7766 21.771 null
2017 11 12 16 37 47 -45.7948 21.7582 null
2017 11 12 16 37 47 -45.7948 21.7582 null
2017 11 12 16 37 47 -45.8345 21.7086 null
2017 11 12 16 37 47 -45.8345 21.7086 null
2017 11 12 16 37 47 -45.8294 21.6899 null
2017 11 12 16 37 47 -45.8527 21.5949 null
2017 11 12 16 37 47 -45.8527 21.5949 null
2017 11 12 16 37 47 -45.8734 21.551 null
2017 11 12 16 37 47 -45.8748 21.5864 null
2017 11 12 16 37 48 -45.8748 21.5864 null
2017 11 12 16 37 48 -45.918 21.579 null
2017 11 12 16 37 48 -45.9558 21.5516 null
2017 11 12 16 37 48 -45.9558 21.5516 null
2017 11 12 16 37 48 -45.9257 21.5352 null
2017 11 12 16 37 48 -45.9224 21.4958 null
2017 11 12 16 37 48 -45.9429 21.4386 null
2017 11 12 16 37 48 -45.9429 21.4386 null
2017 11 12 16 37 48 -45.9625 21.3673 null
2017 11 12 16 37 48 -45.9625 21.3673 null
2017 11 12 16 37 49 -45.972 21.3147 null
2017 11 12 16 37 49 -45.9677 21.2693 null
2017 11 12 16 37 49 -45.9798 21.237 null
2017 11 12 16 37 49 -45.9798 21.237 null
2017 11 12 16 37 49 -45.9988 21.2035 null
2017 11 12 16 37 49 -46.033 21.1839 null
2017 11 12 16 37 49 -46.033 21.1839 null
2017 11 12 16 37 49 -46.0712 21.1572 null
2017 11 12 16 37 49 -46.0767 21.12 null
2017 11 12 16 37 49 -46.0767 21.12 null
2017 11 12 16 37 50 -46.0885 21.0733 null
2017 11 12 16 37 50 -46.0985 21.0178 null
2017 11 12 16 37 50 -46.0985 21.0178 null
2017 11 12 16 37 50 -46.1543 20.8906 null
2017 11 12 16 37 50 -46.1678 20.8956 null
2017 11 12 16 37 50 -46.198 20.8722 null
2017 11 12 16 37 50 -46.198 20.8722 null
2017 11 12 16 37 50 -46.2499 20.8528 null
2017 11 12 16 37 50 -46.3023 20.8404 null
2017 11 12 16 37 50 -46.3545 20.8175 null
2017 11 12 16 37 51 -46.3545 20.8175 null
2017 11 12 16 37 51 -46.3922 20.8602 null
2017 11 12 16 37 51 -46.3922 20.8602 null
2017 11 12 16 37 51 -46.426 20.842 null
2017 11 12 16 37 51 -46.4381 20.8774 null
2017 11 12 16 37 51 -46.4381 20.8774 null
2017 11 12 16 37 51 -46.453 20.9196 null
2017 11 12 16 37 51 -46.4705 20.9312 null
2017 11 12 16 37 51 -46.4705 20.9312 null
2017 11 12 16 37 51 -46.4877 20.9022 null
2017 11 12 16 37 52 -46.4728 20.9147 null
2017 11 12 16 37 52 -46.4728 20.9147 null
2017 11 12 16 37 52 -46.3941 20.8569 null
2017 11 12 16 37 52 -46.3941 20.8569 null
2017 11 12 16 37 52 -46.3941 20.8569 null
2017 11 12 16 37 52 -46.3941 20.8569 null
2017 11 12 16 37 52 -46.3783 20.8152 null
2017 11 12 16 37 52 -46.4157 20.7958 null
2017 11 12 16 37 52 -46.4919 20.7043 null
2017 11 12 16 37 52 -46.4919 20.7043 null
2017 11 12 16 37 53 -46.5482 20.6416 null
2017 11 12 16 37 53 -46.5482 20.6416 null
2017 11 12 16 37 53 -46.5693 20.6199 null
2017 11 12 16 37 53 -46.5911 20.5998 null
2017 11 12 16 37 53 -46.6307 20.5718 null
2017 11 12 16 37 53 -46.6307 20.5718 null
2017 11 12 16 37 53 -46.6496 20.5774 null
2017 11 12 16 37 53 -46.6496 20.5774 null
2017 11 12 16 37 53 -46.66 20.5972 null
2017 11 12 16 37 53 -46.6952 20.5745 null
2017 11 12 16 37 54 -46.7133 20.5418 null
2017 11 12 16 37 54 -46.7133 20.5418 null
2017 11 12 16 37 54 -46.742 20.502 null
2017 11 12 16 37 54 -46.7737 20.4474 null
2017 11 12 16 37 54 -46.8318 20.411 null
2017 11 12 16 37 54 -46.8318 20.411 null
2017 11 12 16 37 54 -46.8833 20.3628 null
2017 11 12 16 37 54 -46.9331 20.3141 null
2017 11 12 16 37 54 -46.9331 20.3141 null
2017 11 12 16 37 54 -46.9798 20.2671 null
2017 11 12 16 37 55 -47.0056 20.217 null
2017 11 12 16 37 55 -47.0056 20.217 null
2017 11 12 16 37 55 -47.0297 20.1662 null
2017 11 12 16 37 55 -47.0949 20.1439 null
2017 11 12 16 37 55 -47.0949 20.1439 null
2017 11 12 16 37 55 -47.1978 20.1358 null
2017 11 12 16 37 55 -47.3038 20.1352 null
2017 11 12 16 37 55 -47.3038 20.1352 null
2017 11 12 16 37 55 -47.4108 20.1298 null
2017 11 12 16 37 55 -47.4229 20.0707 null
2017 11 12 16 37 56 -47.4338 20.0715 null
2017 11 12 16 37 56 -47.4338 20.0715 null
2017 11 12 16 37 56 -47.516 20.0925 null
2017 11 12 16 37 56 -47.6031 20.0783 null
2017 11 12 16 37 56 -47.6031 20.0783 null
2017 11 12 16 37 56 -47.6189 20.0826 null
2017 11 12 16 37 56 -47.6288 20.0905 null
2017 11 12 16 37 56 -47.6288 20.0905 null
2017 11 12 16 37 56 -47.6003 20.0691 null
2017 11 12 16 37 56 -47.6562 20.0951 null
2017 11 12 16 37 57 -47.6562 20.0951 null
2017 11 12 16 37 57 -47.8664 20.2117 null
2017 11 12 16 37 57 -48.0066 20.3013 null
2017 11 12 16 37 57 -48.0066 20.3013 null
2017 11 12 16 37 57 -47.974 20.2794 null
2017 11 12 16 37 57 -47.8818 20.1993 null
2017 11 12 16 37 57 -47.8818 20.1993 null
2017 11 12 16 37 57 -47.863 20.1815 null
2017 11 12 16 37 57 -47.7237 20.0977 null
2017 11 12 16 37 57 -47.6654 20.0477 null
2017 11 12 16 37 58 -47.6654 20.0477 null
2017 11 12 16 37 58 -47.684 20.0809 null
2017 11 12 16 37 58 -47.7256 20.1461 null
2017 11 12 16 37 58 -47.7256 20.1461 null
2017 11 12 16 37 58 -47.7261 20.1747 null
2017 11 12 16 37 58 -47.6931 20.1931 null
2017 11 12 16 37 58 -47.6931 20.1931 null
2017 11 12 16 37 58 -47.671 20.1956 null
2017 11 12 16 37 58 -47.6722 20.1956 null
2017 11 12 16 37 58 -47.6722 20.1956 null
2017 11 12 16 37 59 -47.6722 20.1956 null
2017 11 12 16 37 59 -47.6631 20.1947 null
2017 11 12 16 37 59 -47.6663 20.1507 null
2017 11 12 16 37 59 -47.6663 20.1507 null
2017 11 12 16 37 59 -47.7047 20.0801 null
2017 11 12 16 37 59 -47.7036 20.0749 null
2017 11 12 16 37 59 -47.7036 20.0749 null
2017 11 12 16 37 59 -47.6827 20.095 null
2017 11 12 16 37 59 -47.6613 20.1168 null
2017 11 12 16 37 59 -47.6613 20.1168 null
2017 11 12 16 38 00 -47.6164 20.1283 null
2017 11 12 16 38 00 -47.5943 20.1229 null
2017 11 12 16 38 00 -47.5943 20.1229 null
2017 11 12 16 38 00 -47.616 20.1278 null
2017 11 12 16 38 00 -47.5642 20.119 null
2017 11 12 16 38 00 -47.5642 20.119 null
2017 11 12 16 38 00 -47.529 20.1336 null
2017 11 12 16 38 00 -47.5579 20.1472 null
2017 11 12 16 38 00 -47.6079 20.1386 null
2017 11 12 16 38 00 -47.6079 20.1386 null
2017 11 12 16 38 01 -47.5816 20.1449 null
2017 11 12 16 38 01 -47.5653 20.1155 null
2017 11 12 16 38 01 -47.5653 20.1155 null
2017 11 12 16 38 01 -47.5653 20.1155 null
2017 11 12 16 38 01 -47.5442 20.1259 null
2017 11 12 16 38 01 -47.5442 20.1259 null
2017 11 12 16 38 01 -47.5534 20.119 null
2017 11 12 16 38 01 -47.5663 20.1027 null
2017 11 12 16 38 01 -47.5663 20.1027 null
2017 11 12 16 38 01 -47.5786 20.1017 null
2017 11 12 16 38 02 -47.5556 20.114 null
2017 11 12 16 38 02 -47.5556 20.114 null
2017 11 12 16 38 02 -47.5833 20.1668 null
2017 11 12 16 38 02 -47.5654 20.1707 null
2017 11 12 16 38 02 -47.6507 20.1612 null
2017 11 12 16 38 02 -47.6507 20.1612 null
2017 11 12 16 38 02 -47.6578 20.1627 null
2017 11 12 16 38 02 -47.6295 20.1587 null
2017 11 12 16 38 02 -47.6295 20.1587 null
2017 11 12 16 38 02 -47.6274 20.1509 null
2017 11 12 16 38 03 -47.6274 20.1509 null
2017 11 12 16 38 03 -47.6274 20.1509 null
2017 11 12 16 38 03 -47.6392 20.1441 null
2017 11 12 16 38 03 -47.6325 20.1436 null
2017 11 12 16 38 03 -47.6325 20.1436 null
2017 11 12 16 38 03 -47.6325 20.1436 null
2017 11 12 16 38 03 -47.6325 20.1436 null
2017 11 12 16 38 03 -47.6325 20.1436 null
2017 11 12 16 38 03 -47.6325 20.1436 null
2017 11 12 16 38 03 -47.6325 20.1436 null
2017 11 12 16 38 04 -47.6325 20.1436 null
2017 11 12 16 38 04 -47.6287 20.1301 null
2017 11 12 16 38 04 -47.6267 20.1228 null
2017 11 12 16 38 04 -47.6245 20.1222 null
2017 11 12 16 38 04 -47.6245 20.1222 null
2017 11 12 16 38 04 -47.6245 20.1222 null
2017 11 12 16 38 04 -47.6245 20.1222 null
2017 11 12 16 38 04 -47.6245 20.1222 null
2017 11 12 16 38 04 -47.6332 20.1217 null
2017 11 12 16 38 04 -47.6332 20.1217 null
2017 11 12 16 38 05 -47.6332 20.1217 null
2017 11 12 16 38 05 -47.6332 20.1217 null
2017 11 12 16 38 05 -47.6332 20.1217 null
2017 11 12 16 38 05 -47.6332 20.1217 null
2017 11 12 16 38 05 -47.6332 20.1217 null
2017 11 12 16 38 05 -47.6332 20.1217 null
2017 11 12 16 38 05 -47.6189 20.1353 null
2017 11 12 16 38 05 -47.6189 20.1353 null
2017 11 12 16 38 05 -47.6189 20.1353 null
2017 11 12 16 38 05 -47.6189 20.1353 null
2017 11 12 16 38 06 -47.6189 20.1353 null
2017 11 12 16 38 06 -47.6189 20.1353 null
2017 11 12 16 38 06 -47.6189 20.1353 null
2017 11 12 16 38 06 -47.6189 20.1353 null
2017 11 12 16 38 06 -47.6189 20.1353 null
2017 11 12 16 38 06 -47.6189 20.1353 null
2017 11 12 16 38 06 -47.6189 20.1353 null
2017 11 12 16 38 06 -47.6189 20.1353 null
2017 11 12 16 38 06 -47.6227 20.1172 null
2017 11 12 16 38 06 -47.6227 20.1172 null
2017 11 12 16 38 07 -47.6227 20.1172 null
2017 11 12 16 38 07 -47.6227 20.1172 null
2017 11 12 16 38 07 -47.6244 20.1105 null
2017 11 12 16 38 07 -47.6244 20.1105 null
2017 11 12 16 38 07 -47.6207 20.118 null
2017 11 12 16 38 07 -47.619 20.1199 null
2017 11 12 16 38 07 -47.619 20.1199 null
2017 11 12 16 38 07 -47.619 20.1199 null
2017 11 12 16 38 07 -47.6187 20.1165 null
2017 11 12 16 38 07 -47.6187 20.1165 null
2017 11 12 16 38 08 -47.6187 20.1165 null
2017 11 12 16 38 08 -47.6187 20.1165 null
2017 11 12 16 38 08 -47.6187 20.1165 null
2017 11 12 16 38 08 -47.6187 20.1165 null
2017 11 12 16 38 08 -47.6187 20.1165 null
2017 11 12 16 38 08 -47.6116 20.1077 null
2017 11 12 16 38 08 -47.6116 20.1077 null
2017 11 12 16 38 08 -47.6159 20.1041 null
2017 11 12 16 38 08 -47.6196 20.1125 null
2017 11 12 16 38 08 -47.6196 20.1125 null
2017 11 12 16 38 09 -47.6196 20.1125 null
2017 11 12 16 38 09 -47.6196 20.1125 null
2017 11 12 16 38 09 -47.6196 20.1125 null
2017 11 12 16 38 09 -47.6196 20.1125 null
2017 11 12 16 38 09 -47.6196 20.1125 null
2017 11 12 16 38 09 -47.6183 20.1232 null
2017 11 12 16 38 09 -47.6183 20.1232 null
2017 11 12 16 38 09 -47.6183 20.1232 null
2017 11 12 16 38 09 -47.6183 20.1232 null
2017 11 12 16 38 09 -47.6183 20.1232 null
2017 11 12 16 38 10 -47.6183 20.1232 null
2017 11 12 16 38 10 -47.6183 20.1232 null
2017 11 12 16 38 10 -47.6183 20.1232 null
2017 11 12 16 38 10 -47.6183 20.1232 null
2017 11 12 16 38 10 -47.6183 20.1232 null
2017 11 12 16 38 10 -47.6183 20.1232 null
2017 11 12 16 38 10 -47.6183 20.1232 null
2017 11 12 16 38 10 -47.6145 20.1205 null
2017 11 12 16 38 10 -47.6192 20.1239 null
2017 11 12 16 38 10 -47.6192 20.1239 null
2017 11 12 16 38 11 -47.6104 20.1248 null
2017 11 12 16 38 11 -47.6104 20.1248 null
2017 11 12 16 38 11 -47.6104 20.1248 null
2017 11 12 16 38 11 -47.6077 20.123 null
2017 11 12 16 38 11 -47.6104 20.1209 null
2017 11 12 16 38 11 -47.6104 20.1209 null
2017 11 12 16 38 11 -47.6104 20.1209 null
2017 11 12 16 38 11 -47.6208 20.1093 null
2017 11 12 16 38 11 -47.6208 20.1093 null
2017 11 12 16 38 11 -47.6213 20.1104 null
2017 11 12 16 38 12 -47.6213 20.1104 null
2017 11 12 16 38 12 -47.6213 20.1104 null
2017 11 12 16 38 12 -47.6213 20.1104 null
2017 11 12 16 38 12 -47.6364 20.1142 null
2017 11 12 16 38 12 -47.6364 20.1142 null
2017 11 12 16 38 12 -47.6533 20.1132 null
2017 11 12 16 38 12 -47.6549 20.113 null
2017 11 12 16 38 12 -47.657 20.1126 null
2017 11 12 16 38 12 -47.657 20.1126 null
2017 11 12 16 38 12 -47.657 20.1126 null
